932
938
991
73
260
327
269
13
202
876
885
205
494
902
4
803
610
379
136
762
64
974
196
765
573
93
0
873
757
382
992
544
739
788
560
850
743
768
540
252
829
259
191
166
631
542
348
977
203
870
408
796
168
219
173
930
551
489
668
430
447
411
792
289
557
448
397
231
404
365
818
138
673
935
58
85
99
211
501
794
720
412
539
309
308
635
840
566
245
522
143
856
787
603
235
719
704
246
129
307
878
867
42
206
578
46
480
319
970
134
593
612
479
296
354
574
272
654
783
195
378
128
512
616
694
471
678
486
194
435
87
149
396
555
884
600
519
172
896
824
230
385
443
146
784
145
119
549
510
318
658
545
802
695
776
660
377
685
879
841
429
561
361
606
982
410
624
76
861
490
200
295
793
534
320
26
920
843
170
228
948
665
688
86
699
985
391
125
433
422
316
258
234
927
311
945
23
851
104
696
52
541
810
117
615
951
424
468
127
27
279
679
3
530
445
419
81
63
181
232
373
702
131
975
880
216
663
484
345
394
366
947
657
298
553
126
976
457
717
735
964
482
400
528
188
795
973
630
43
409
888
207
470
723
349
509
426
478
641
243
5
399
918
215
863
481
507
376
54
756
568
266
962
103
716
597
608
70
895
167
122
25
942
221
828
488
384
336
807
508
703
622
253
242
952
862
611
458
6
613
733
814
855
49
602
299
537
536
627
135
640
531
639
89
868
701
388
559
218
653
647
39
28
644
31
504
965
988
171
676
321
546
140
497
331
619
83
817
268
830
19
677
359
607
239
618
759
8
56
864
461
690
848
706
237
672
108
358
697
112
707
467
594
770
763
350
775
805
687
353
1
591
758
240
22
437
671
833
263
750
78
711
785
890
929
176
162
35
997
290
469
115
310
184
80
575
440
782
740
370
742
515
577
598
406
455
34
454
586
390
562
225
734
92
16
224
725
651
401
565
808
141
881
916
271
835
190
731
343
363
535
65
371
529
346
579
869
101
592
441
427
110
906
996
813
380
69
82
500
148
347
210
620
392
521
477
144
801
993
946
909
250
939
978
712
151
275
302
875
625
291
264
431
798
901
693
29
339
589
367
981
472
580
713
438
150
317
420
582
958
897
278
953
72
292
155
77
960
498
979
247
791
674
718
849
655
928
402
499
883
493
980
886
576
548
41
222
786
139
812
659
107
634
629
806
323
552
728
650
313
217
921
572
526
277
836
11
584
152
495
595
749
797
30
209
21
516
854
301
67
94
449
121
198
820
418
444
165
751
708
496
853
98
91
936
569
924
463
816
905
570
871
524
957
967
590
383
59
163
47
823
106
525
421
866
715
341
20
273
116
656
900
523
949
338
322
169
714
179
193
71
937
446
764
74
50
270
393
898
680
933
527
476
24
722
834
846
244
9
120
821
809
356
907
414
303
214
583
628
305
342
746
286
955
585
773
811
778
995
213
738
156
182
919
741
473
518
96
2
257
837
872
800
567
781
189
351
333
364
825
779
943
726
669
543
368
340
55
153
492