1790
2485
561
1894
217
1576
2155
995
1009
1987
2246
2204
351
1261
192
2887
233
1514
1467
1684
869
1547
2340
719
257
1479
299
972
1528
1645
610
211
1702
2846
2959
48
396
1027
1913
1227
740
580
2469
312
1694
243
2007
2434
2659
1917
2561
577
2065
1986
2182
2849
969
1469
2932
1136
2536
2530
164
2776
2408
2103
25
1911
1438
1471
2509
2938
2295
837
1956
992
2941
501
2681
507
1160
2273
2774
404
1848
1446
2534
2235
1648
1074
1663
2002
1959
2091
1365
2968
2051
187
572
1424
20
2661
11
1641
2936
440
1596
427
2391
2584
503
1925
422
1532
588
2997
2390
868
53
2481
2951
1380
242
2826
513
66
1599
2136
1506
845
1929
1164
2471
2242
796
2973
2000
2623
2074
823
2454
2462
2243
1266
547
1946
1531
1620
2607
567
2994
191
1685
2903
2205
358
2508
658
2518
1598
674
919
253
783
737
1176
2144
214
2653
641
2899
2194
2814
2424
523
2236
2738
203
1711
1120
2494
613
46
780
1101
2992
2913
998
988
775
601
63
1357
327
2842
2853
671
1723
789
1407
568
1233
735
2923
447
2525
812
864
1562
2606
2393
437
445
1214
316
977
1964
2267
261
30
1294
1544
744
1190
1932
663
694
2747
681
935
289
1427
1474
539
1762
1327
1821
2917
1313
717
90
1302
342
920
1589
2890
326
2819
822
1846
810
2293
2709
274
335
266
1226
1612
1593
1141
109
1166
2323
2039
1690
2523
487
1089
34
2154
1139
2919
1437
2708
446
1522
2610
1806
2947
2487
2876
356
546
895
2699
1416
1654
2357
1635
304
1832
1267
1146
1902
1667
1579
664
268
1844
1692
2750
2280
1103
2605
1771
2967
1865
2942
805
1171
2920
1898
2363
1335
1173
2387
5
2805
1163
1674
2822
2455
64
433
283
684
2425
2527
1892
832
485
1880
1084
2389
62
603
966
1904
761
1338
1464
1683
955
489
1591
2630
1998
2646
1939
2727
2691
8
2118
93
963
1858
1363
28
1753
947
2093
2163
2221
303
2954
407
1995
1466
2642
877
2445
430
2862
1730
1381
772
143
1908
313
16
1715
2722
600
989
1348
152
1557
2444
372
2405
1180
1863
57
2986
1478
2660
2443
1023
2104
1312
2473
853
1768
369
1903
387
983
2223
1043
1584
380
50
2731
2998
2321
649
859
1665
721
75
2601
2817
1480
1098
1355
750
2429
1105
229
2331
2237
1545
2879
2302
2020
2638
2311
1778
2751
2781
819
1024
2988
2838
942
1749
1299
1432
384
1746
218
2698
220
480
2067
676
1758
2209
727
879
898
1283
1575
2730
2371
1493
2096
2450
958
1442
965
1776
2663
221
2912
891
1423
403
2715
1755
2716
222
2943
1601
1766
2486
1096
205
1613
91
282
2117
2858
2575
413
71
1811
2102
635
2955
300
731
1691
2315
2016
734
2569
2254
2479
1884
2843
1985
1734
1968
1358
2071
1676
917
1318
158
2933
1094
1453
2327
516
1537
2298
1533
910
2232
2692
2492
2798
2906
388
2317
1369
1940
1716
655
1058
2830
2937
1257
596
2158
964
2449
1200
123
122
1882
1092
2488
219
1572
2099
2123
1020
695
2732
197
2546
2026
1666
976
285
255
2939
142
2969
2044
693
559
506
2985
1926
2467
2437
1351
2788
2719
1341
1976
146
301
2809
2348
1026
865
341
2614
420
1201
1996
2598
1896
250
885
1503
235
1429
2657
1517
791
280
291
2468
828
2268
2033
332
2375
1240
1340
84
2284
653
2800
1526
2446
770
408
741
482
365
1508
126
1468
1970
530
1973
2255
1309
1170
1476
1137
1805
2697
540
795
905
1653
1191
1889
990
785
2904
2962
2131
2922
1760
1354
2135
460
1630
2892
471
2360
1090
720
1345
2077
2856
1123
1586
2287
1854
239
1110
117
2368
288
2648
1392
1280
2626
135
2513
315
381
207
2970
2651
68
2210
2832
1769
1455
991
2745
168
870
2762
1569
2870
1071
2786
2613
2851
1577
1722
1399
793
2339
1578
2675
2257
518
1230
755
1874
1221
1333
305
1919
607
1534
878
104
808
2587
1785
700
1076
1920
318
1339
1114
2
1210
2207
92
922
950
1234
2718
1729
2555
2981
2816
1445
802
788
661
2898
571
625
2259
13
762
497
2570
1
1885
1331
2022
107
1875
2378
1984
1373
1364
2160
290
548
1492
1719
2167
1650
330
1799
10
552
1822
359
1219
390
514
469
2542
2911
1147
2367
1232
2868
1558
2812
679
2847
2974
431
1324
1033
298
1349
1458
2130
259
2823
2362
555
1411
2854
1933
225
204
687
2686
2717
463
2269
1568
1640
1193
392
254
1042
2056
517
936
1403
2394
2724
799
1916
2848
360
7
26
1274
2710
1264
1281
1109
1812
2119
409
668
414
2636
2517
1305
2264
2415
763
1587
2965
1102
2341
2225
1500
2728
2098
474
2662
1851
2161
1745
2395
1718
766
2908
2808
1807
399
174
1125
2562
1672
2576
1709
2043
1370
361
971
522
2795
867
405
1615
2228
352
529
718
743
2124
2852
2839
2347
195
2334
582
1276
2233
1754
1714
479
1332
1132
1443
1352
2114
894
1055
1840
564
578
1669
1742
1359
1713
1007
2741
2894
1015
901
1610
1924
2780
2013
1936
185
2027
2802
846
1792
1398
3
2406
234
2224
1285
499
165
2743
2256
777
1688
939
2076
606
2620
1942
1068
1878
245
1099
1268
14
1284
22
2112
2763
1441
1151
2515
2654
2521
622
1328
2234
913
1229
753
2624
2296
1700
2380
1707
2749
534
689
1868
2506
406
818
1588
2944
2493
960
2804
363
1165
1993
1751
2683
2011
1378
293
924
633
2545
1695
1036
486
1400
2047
1211
1252
2520
1623
1481
366
12
2265
857
667
672
32
1498
2440
2366
1761
2190
1272
1979
1224
1791
45
1697
854
843
1249
620
1801
2744
295
1928
2181
2926
2021
1477
550
1527
2882
2777
1288
945
1113
2263
2599
876
526
1168
1017
55
648
2512
2288
186
2231
1040
858
1607
2294
256
2756
1080
746
393
1133
749
551
943
1100
2222
906
1797
570
1541
2329
1948
631
1731
136
1295
2174
1301
686
209
1789
1081
1016
1914
2245
2475
1386
106
1316
830
1297
2593
716
2292
2094
1275
759
2081
2244
1978
2353
2409
2012
436
2737
1323
1853
2725
2505
495
604
999
2859
589
116
2072
18
722
216
2841
1415
2438
2958
829
2514
2811
1216
85
944
1220
2821
2396
970
1636
103
628
1104
2676
1777
2283
2690
398
177
1169
2565
154
2752
2622
466
2166
2291
350
521
108
2611
175
581
2305
1304
1273
678
2616
2057
438
688
986
1448
2980
2796
385
784
2703
2463
383
238
2023
1989
927
2466
2477
183
1434
1322
959
2018
2560
2382
1726
1179
1856
2670
2615
2414
659
2045
2886
1643
1631
1559
1733
1277
844
1004
2111
974
707
1356
612
2208
2191
128
2325
2142
1439
1183
331
949
1504
957
2426
2634
2815
886
2896
654
2356
2778
258
2878
1138
2707
897
2214
1937
1325
2813
1836
1050
262
1843
1895
2889
21
1516
911
320
1250
1167
558
2457
1870
1602
1701
1487
629
319
2770
2063
2189
1298
2046
1804
1660
2639
1883
2478
2193
2519
1775
2083
803
344
1594
228
1497
1647
1078
51
1686
2133
2035
2120
111
1079
1111
2860
2748
2037
1611
297
2128
2247
2196
1721
1556
621
1563
2861
1490
1177
2910
2581
1402
1404
1290
1747
2592
645
210
1974
1548
2164
2872
807
2845
2346
1314
101
1011
56
781
1031
196
2015
1086
836
760
137
2369
1696
1652
1951
1779
2101
2178
1616
1426
1062
2658
1384
2316
2435
184
99
1886
1633
2665
2351
2195
1035
1018
362
1377
2721
2705
549
2758
2829
1893
2871
2577
1389
343
2909
2503
953
394
2632
1054
19
1907
40
1374