0
333329
12
333330
11
333332
333363
39
32
40
333260
85
333418
120
333451
96
9
333474
333305
202
7
333419
333371
145
232
333073
154
333365
333025
124
333464
185
43
121
239
333059
177
333462
44
333410
94
333384
103
333517
333383
333098
795
333230
288
333427
188
333308
262
333483
333514
333405
194
333039
736
333233
82
333130
343
445
333443
222
333242
482
333278
333302
333208
333015
159
128
496
333976
333120
335
333173
333730
326
1785
1332
333121
1327
333756
488
332100
823
867
181
5488
333940
333736
333115
333523
334024
528
225
368
333104
275
333694
699
86
161
333246
332079
861
333391
783
841
333195
615
586
333512
526
742
333294
333479
566
333629
160
334214
171
333737
332261
872
204
218
333430
800
333779
294
333178
282
1279
333525
335095
691
391
333158
727
333319
317
333484
333183
297
334618
695
333962
333607
3750
101
1304
14
333594
333717
3440
832
333140
600
333376
424
333206
333227
248
857
1424
333926
324
333929
1301
333012
671
83
333108
21494
333845
333485
1286
333296
333154
3615
333723
620
333815
912
333689
612
333420
313
333468
1219
442
333402
828
332250
816
333516
333666
246
219
333380
179
333304
1103
569
333924
333005
395
333604
1346
743
333561
333922
93
333673
942
333907
2047
333299
333627
298
336810
283
388
484
333544
333061
785
918
328243
66
333095
840
333580
300
333460
333528
531
333159
677
333400
13171
256
334354
289
333518
270
333569
1317
335162
817
333973
1291
333389
459
333457
551
332478
333568
401
882
333258
334323
333169
79
1385
333013
305
333554
2191
333014
469
333255
333106
2944
333743
1350
332061
126
332787
338
332067
3177
973
333876
15
334985
834
333794
333842
308
334362
1234
333599
619
333814
257
333148
684
1266
333811
3280
333859
666
333102
335473
333211
1473
333626
552
333500
119
5136
333021
333497
881
333041
1091
333144
654
333764
333261
13404
947
333945
333298
927
333218
567
341326
267
339324
2301
332592
2386
333803
480
332573
628
333757
437
333619
477
909
333869
13580
333031
138
334577
213
1487
333905
332579
2607
333715
254
332853
542
333562
827
333881
333096
335459
1139
328506
652
594
332257
650
332095
3874
332072
3904
333957
2725
333603
1365
335764
941
333611
831
688
663
329096
1544
340971
3571
333259
753
334273
333772
796
333838
318
333834
80
333634
1903
3465
332034
334890
335782
776
544
333143
3839
335097
292
333660
332890
3250
333691
568
333086
34
332171
371
333152
200
335608
754
335244
1022
341025
485
340959
108
332129
685
333822
422
333284
417
332460
332380
398
364805
80185
333342
517
553
334201
449
334392
681
333161
925
334866
2176
333816
3517
335470
5459
336196
711
3717
328318
472
333204
336965
740
334076
3599
335555
3193
335404
759
333045
2123
333422
333032
532
3317
333076
722
351
333215
661
334965
926
333759
335809
333401
494
333637
8608
366504
3332
335341
448
333364
3282
333720
278
333595
2727
332252
3414
335826
781
333731
296
333513
11831
334361
5547
332587
301
335874
571
332133
3513
333001
1894
332976
273
332533
534
333742
3044
334940
418
3556
334032
31403
333771
335421
3128
2327
334188
344113
341000
780
333806
333198
1911
614
334409
761
315711
1010
332331
883
735
332532
333804
639
332045
333093
333550
77
332812
3323
333867
3814
332725
922
332047
3633
337213
539
333901
512
333203
111
333449
572
333659
3402
333480
862
332568
643
333928
557
333802
4928
334010
68
335647
1309
333495
728
1312
335847
335362
910
333601
217
335445
2109
334753
2835
332624
3683
332266
714
333589
387
334640
125737
333646
335520
836
1509
731
335090
333368
1362
334331
1815
333080
573
334551
144
335564
3523
333579
20529
332167
640
335783
335387
334784
3056
2277
334501
427
333891
577
336484
2728
333870
3622
3453
334083
1767
335502
2241
332966
2098
335774
2877
333307
935
1394
334752
2321
949
333948
335044
1788
334830
2520
334512
384
333066
3184
333530
3023
334030
853
337176
199
3791
332154
955
332069
2699
333282
332153
336603
9952
21713
332775
2379
333836
333498
3072
680
334058
334417
333894
873
338762
1500
333190
27
9972
336644
4268
332037
337593
333763
12773
411
1314
332898
333872
350
3441
333658
535
334153
333036
1293
334410
838
335265
809
2579
329102
328193
102
328259
561
2038
332288
333954
943
332413
2294
333236
3149
333094
2166
334185
868
328422
393
335185