210
1300
476
2605
347
467
994
2182
2196
2572
1946
2806
783
2687
1970
376
1789
2780
338
1440
424
2717
2888
1870
82
594
333
2384
2646
1697
614
291
2544
2429
1093
906
772
1428
285
1607
2699
322
2893
1639
2997
2102
1246
84
284
2920
1295
219
1885
1517
1199
1244
501
2621
2779
627
506
510
2312
1497
144
1861
2638
2753
701
1321
1572
2731
2648
973
723
1266
2188
2493
2270
401
1518
1233
634
435
331
2791
2676
2394
42
620
663
1159
1210
2689
2310
1676
1261
695
1151
1893
1942
1004
2603
2900
1682
1409
791
2246
2577
1799
2527
2754
1877
1975
1015
1765
1309
2067
297
2437
1777
161
2918
1588
1006
600
2395
172
712
1032
1115
1058
2131
775
46
1493
2078
2019
372
1881
2173
1506
2798
2636
358
785
678
1618
512
2554
2847
1477
1492
18
1113
1525
481
2093
403
928
879
2968
6
1912
1917
1383
2301
2657
573
2604
2263
776
1291
2482
1599
1745
1959
2904
2235
2393
1489
2496
263
2061
2801
1667
1446
487
2543
111
2976
713
413
1659
101
1993
515
619
1886
1751
1620
2716
2532
687
1122
337
2069
1119
1411
29
643
1436
2978
1932
2705
1053
2690
2402
801
586
1762
1097
2776
2459
2126
974
943
38
2759
768
2168
2105
1226
2028
174
1839
1092
622
352
2453
674
1035
276
73
1105
1646
679
425
2142
2517
2999
2691
208
393
942
2955
555
961
873
1822
2167
1025
1916
1702
869
282
2516
227
1511
71
2749
1173
2365
2302
1555
1488
1847
1176
721
983
1688
2481
489
2541
2973
475
1996
205
1602
1671
1562
991
2071
1112
2049
2709
2089
2739
2627
684
311
2536
1855
1864
2009
1980
1037
31
2863
722
2677
1542
2249
2146
98
2492
2508
2840
1215
2886
1469
204
561
609
1578
1800
1011
1390
2513
2610
452
658
558
652
1323
811
1798
526
1330
1241
683
2730
1439
265
538
2693
734
1833
1099
1544
1656
2268
77
1976
2084
503
1242
2936
334
1061
1085
2081
1041
2943
1624
2245
165
2841
2591
702
2307
1157
2937
1371
1722
2987
1910
145
1550
2495
2896
2652
128
2719
140
1591
2387
2080
2417
1211
1913
399
520
2942
2713
1690
363
1354
1569
2464
35
137
1399
112
909
2036
1850
2123
1854
325
946
1102
1935
468
171
474
2962
669
1417
987
1
2514
2970
1574
1735
129
975
740
1467
1418
1137
1094
833
1680
2660
2226
1923
2741
677
546
1909
1995
2343
733
2503
1534
2361
0
2732
1384
841
1657
2236
2259
1301
1677
1504
1938
1181
1216
1628
818
490
2848
482
2715
400
528
897
578
458
2551
88
2232
2199
2413
1138
840
2026
40
2992
1133
2107
2813
1139
505
856
303
2824
1443
2369
1221
1042
2990
2596
1698
414
1045
1232
398
2474
1704
2745
1264
1755
1117
1234
1638
1678
281
2111
1884
2608
421
2099
2672
751
2367
1528
2091
1161
670
2593
2854
478
2592
1612
2602
1434
2634
1989
676
716
1663
2907
443
645
1554
794
386
2208
348
1284
1218
557
2406
150
1341
2977
294
2328
1065
1873
664
2885
355
335
1962
1147
580
1887
629
1629
327
326
1830
220
2205
141
2416
834
2275
1533
760
1797
1719
2974
595
689
1992
962
2471
2010
1095
1258
1981
1077
1156
1016
2379
617
903
700
1963
2034
2345
103
2403
55
1775
2340
835
592
1713
1432
302
769
1899
2994
1576
168
2164
1448
1540
1871
2771
2463
2386
1769
1510
1772
191
1548
2013
728
2133
351
1641
2157
78
442
1445
1965
464
341
315
788
2480
1167
2092
2306
2398
1402
602
2366
959
867
1263
2797
1597
2449
224
967
154
1549
53
570
170
332
1776
1990
1245
1397
1920
2248
2130
1726
1421
2364
1522
1165
2183
2024
2264
1499
1876
30
67
2488
969
828
784
1054
889
591
2181
2846
2729
2905
1939
1901
290
1055
1968
66
2814
815
2297
2444
2397
1200
1908
22
2035
1675
2351
780
2542
1271
1438
1684
910
1038
1944
2400
1003
1228
615
223
1192
186
2763
1700
2326
519
2443
1197
404
2844
765
2230
2206
817
2187
2651
2635
932
2800
1303
2807
13
500
626
457
1710
1794
2195
2701
1523
890
1644
816
431
2296
2738
1750
1815
547
1269
2355
830
863
286
2144
522
2851
646
787
1955
2016
2077
2414
2872
2681
183
1546
1786
1770
2423
409
2883
241
1919
1761
1385
597
1012
2283
156
2298
2261
196
1196
2906
394
131
2831
1071
1362
1132
936
87
2274
2251
747
439
2174
2421
2664
2625
2998
1945
266
1949
160
107
1209
1286
976
1140
1031
661
2747
577
896
632
1737
104
1613
1376
1821
236
1757
2352
1664
1985
1809
1764
1195
2150
45
8
2555
2680
2432
707
2784
858
1948
1457
964
1972
2989
471
1073
2211
531
874
502
1017
2996
1451
862
1889
845
1057
2995
2087
1260
2698
1340
649
1787
544
2662
864
1332
2100
2832
2314
2956
1110
1537
2899
1429
214
2964
1248
2925
1141
41
1577
636
1217
57
2792
1087
2070
2410
2501
1259
1413
1345
583
1647
1069
1749
1081
1500
767
1240
1292
2857
416
454
753
2450
1763
1302
1100
247
2408
995
1364
883
2363
1377
1486
832
638
798
1184
2231
2787
415
1078
91
2388
2360
2118
2308
1635
2258
2890
764
2967
2014
781
1984
76
918
1201
1257
1024
2616
899
2600
921
2799
2710
759
966
2724
1810
1422
1334
1089
2908
1907
1869
1048
2639
2225
389
1406
1747
2434
138
843
109
924
1169
913
2354
2910
1419
2216
1463
1460
2319
2726
2972
1442
2031
698
2783
2455
1056
1475
1828
356
1026
1573
1106
2642
147
1941
876
2194
377
1062
364
1530
1967
543
2381
2072
895
2909
304
2927
2859
1172
1813
1007
1029
2932
1205
920
999
1225
2837
2574
472
343
989
2659
24
2935
2499
54
980
2518
823
589
2293
1175
203
92
1953
1802
885
2357
2795
17
2116
230
1971
2217
1926
188
1437
451
89
2796
182
1834
1592
175
2088
542
1731
1720
495
1867
1289
2613
429
2802
1630
2484
2712
2915
1788
755
2076
844
648
720
1746
80
2430
650
2522
493
1162
1476
1915
181
870
1407
509
524
882
2889
2124
2954
2291
2023
1512
2833
1178
514
2385
2959
900
463
2845
2984
2404
1590
1270
1080
725
75
572
549
2853
854
746
1227
484
1468
2552
639
699
1998
2599
902
1952
1814
1582
2700
1185
1973
11
1766
1352
758
2159
1008
209
671
1601
1202
1717
245
1124
1817
1571
724
1974
448
2405
2629
894
2256
397
2201
2559
907
2963
1652
908
1194
2744
261
1427
169
47
1466
929
623
1189
1816
2578
379
2254
1545
1379
2390
1724
1564
105
1811
603
2207
256
2921
1400
911
2460
2887
2773
2057
1594
2204
2504
2861
177
1401
814
2409
470
2044
432
535
2606
2926
984
2812
2952
1718
1836
1387
2815
1237
1000
2804
2764
1220
436
417
2933
1386
2491
255
809
2353
1277
2134
2229
1831
312
1666
2220
499
847
1155
968
2945
993
1252
1505
122
1183
810
2452
1759
2631
135
1333
935
2375
2154
2843
95
1997
2075
2428
2530
456
1305
1557
630
2334
1472
2894
1121
1634
1842
588
710
1461
2855
1880
2285
1581
2874
1223
2260
1662
1825
2294
262
2762
1568
1626
2632
2083
655
316
1892
2769
527
688
1818
1324
2041
1230
2257
2839
2055
640
1403
2002
1551
2912
1792
1934
2860
604
2462
1937
2852
72
2238
866
1129
1318
1803
2612
2073
1049
2200
257
1658
742
2290
842
837
1768
2370
1960
998
2842
2427
2043
1444
1485
848
1986
2137
2378
354
2498
1553
1961
1369
2342
1808
1108