87412
26469
25823
69534
77189
35088
99522
10788
87246
75965
15131
89710
81129
94473
21994
82162
68961
75933
85763
65248
31448
94237
21609
13957
56414
27132
75454
86450
55502
91091
17662
57790
99830
44632
25377
42707
43268
34979
37045
14974
87207
65295
72891
82096
81145
52066
50459
32722
78414
4327
87026
8499
74815
65121
68730
8928
45006
19872
23001
98817
79955
21346
373
16664
56506
99113
13005
35130
81602
36563
31592
67886
96011
72269
56679
33774
62418
85966
50412
84609
28920
51295
4633
39984
29052
24163
57968
63890
72432
52050
80760
34136
78678
99132
58617
60171
74236
89093
50834
32586
35380
99244
53671
99189
20312
91107
86874
21105
58056
83310
29076
65322
97146
69654
57263
60881
32046
41419
29799
98092
75834
21066
28805
61818
29749
66804
18257
90357
51802
38321
21819
17255
40724
95738
79944
63692
48408
73749
72431
8843
21952
86037
98598
82094
34716
63958
41093
18734
34624
32316
55513
48634
74806
38319
95364
47421
44163
67989
42278
24047
13335
21167
93855
40989
77000
55868
57171
52191
43311
88402
54047
48435
6425
6022
82556
13949
93766
44027
34524
4477
25502
13633
88497
75569
51910
60777
13991
56105
47899
42874
34502
88649
93863
27385
83747
27924
12839
61596
72523
88354
6335
83081
43701
79656
56635
84676
19277
98606
40668
37849
39337
89584
87012
70144
50556
24191
55560
65718
53
15620
71097
83406
30356
78731
1701
54367
25386
41297
98264
20526
6389
96796
94988
95295
356
70534
12421
4296
32878
36341
24954
22817
31566
55185
22288
60063
17024
47151
58294
60609
60769
42849
50207
14783
78995
15310
57385
67085
25408
42573
87371
23203
6258
24569
25632
2903
62554
3064
46412
56541
81093
67272
92293
46003
23946
17883
86572
79117
19301
89361
1141
51995
50268
60946
36070
79922
56751
58096
53856
94295
3644
79396
31501
27376
17695
12115
1615
29142
25896
36483
20926
9181
50256
4439
4176
69314
33318
73717
88737
57757
11600
76741
12793
82064
89524
99788
38020
69140
51912
55886
78359
40171
66155
81755
94566
55206
71662
88295
26459
34899
39129
40298
59575
75669
86140
30893
74831
60858
54045
5818
35313
77622
87469
32337
19140
29212
72174
66466
66263
59008
48069
35420
89517
58972
37720
71941
72106
52928
25506
42445
57005
38677
35052
55784
96467
94200
87049
2397
84608
13424
86860
30956
18495
72830
67453
87974
66738
69339
6009
36101
97724
61647
65883
50215
131
80188
71093
16890
18783
45499
8769
58482
97643
52143
82563
16620
68809
33724
20928
14689
4785
34815
32935
23379
57138
64689
3583
27454
32730
89908
65538
82990
28965
58819
72541
30167
41635
91796
50647
39619
40569
53008
17483
57069
75066
91356
32443
76107
31927
34307
57122
20579
18695
74522
35976
60535
76539
35668
42285
3736
49250
32455
41483
22338
10193
92891
27094
8553
89495
94167
32110
30700
85559
50833
90515
13743
51158
30394
96596
90044
45768
34553
58225
27492
98947
45741
17909
56275
90681
43780
62351
44313
27386
43557
58953
75474
52070
21425
7079
40622
44911
47524
4580
97082
11637
8437
62563
89935
71037
32306
33545
22345
75760
25088
44870
90523
45786
58344
56662
26558
66148
31767
84788
60690
2135
28145
33835
56184
85903
92332
29900
20467
38897
60798
4669
46545
62590
22120
96420
13725
57082
42124
71159
72844
13657
28297
61861
17579
21748
44102
52229
63851
94006
8875
97372
34187
99208
88092
59320
95168
13827
22719
7830
23869
34726
68231
95388
83617
32007
91884
73002
45498
46536
77954
30045
25075
85907
63180
24069
20324
27396
21042
79751
80062
19618
98211
82955
86905
59819
63047
99658
30345
87881
63369
33215
87187
16945
73814
82082
83190
50779
91510
24480
85248
46787
30733
38918
12837
30192
94453
53090
17958
54552
53773
69079
16068
57971
29610
33436
50107
88850
68477
27403
59664
26060
73679
90552
35012
14653
1970
82440
87589
40465
46422
46395
97008
34404
18690
96358
51509
91641
19450
22636
98376
80576
54672
66430
60135
13704
61520
72484
23247
69741
63811
84398
75673
72033
2409
45979
1096
34073
95621
39834
31060
30487
82356
98208
23890
36942
60111
94230
7956
93132
13510
94707
17385
81183
69643
94747
12128
95153
12018
55912
12890
4700
41522
8423
39606
17351
57221
63279
53955
39364
7132
92041
20298
17583
98464
78531
82717
84483
6546
37524
85440
50599
72745
49233
28518
51477
30882
10689
78625
62992
39544
42358
77419
5946
68913
91774
52721
348
82764
38261
20378
21843
85746
51018
58997
57909
31338
74791
99875
2964
44456
35532
58533
89375
54083
57267
19601
80591
20765
78335
42057
85470
83275
16468
60234
99091
41176
33897
25670
50267
40493
40754
29140
3805
76713
67934
15178
97570
88296
51770
9809
8075
72299
5213
34955
89518
47893
54099
49809
25008
60860
79217
53301
9918
78210
732
19259
21855
76865
93298
96786
62198
69644
80259
47509
81845
79124
68518
73086
2182
52400
3224
50263
81102
12212
95445
1493
84244
50863
76049
1734
66434
32476
10863
68383
16247
91037
1831
73418
78632
42647
13920
79016
10850
18924
99630
76026
31756
74506
45126
32532
31993
20543
13204
6959
6289
94244
21596
45475
25565
32718
68793
75289
83969
90904
22549
3458
48273
97504
69567
53431
79811
39414
30691
81752
48753
82975
56303
72427
40457
80242
123
12758
26874
29469
12729
30096
60757
11528
75660
76671
20660
3834
77615
23124
80416
4537
54946
3293
16626
85318
83965
40248
77286
11802
98060
85452
15159
78888
65841
95784
33847
23914
71579
49660
52559
66372
68589
72022
25558
81800
9358
47634
72963
45599
26297
76318
11154
9680
87514
40904
22556
23448
12785
52616
81562
5463
66541
82961
95122
33423
81007
10062
80634
88922
29032
45644
46474
82455
56892
60334
4581
5523
93282
37306
88581
81181
99872
8140
59076
90704
87909
8134
21800
59117
97174
63449
75506
67691
68703
55570
54618
15417
28342
50342
67752
91983
6873
8193
70190
21303
53476
50913
96052
44448
69113
66067
81209
80883
5008
58276
98781
4200
25469
85169
85110
46832
49113
75052
14798
80008
90047
57585
3235
49789
74375
58783
16725
88588
93552
9772
56524
87769
86967
15622
65595
68201
59783
56153
52336
64564
20954
51511
17126
2757
50030
74304
31261
42767
91976
76563
31031
39657
84196
56367
65928
7523
23511
55552
85463
26663
36441
71487
34445
94365
63795
35006
27175
17618
98575
88297
30538
21443
99715
40957
84075
12687
56287
35730
40212
48371
99011
55485
93903
48732
80770
20515
52340
90334
52019
78762
92329
60125
87624
41949
48746
67142
39432
68203
84
68052
543
66769
702
66184
1472
66958
2550
67926
258
68213
37
66733
66322
481
66110
925
24
66069
192
66520
665
151
66347
544
66512
2710
66917
749
66218
2936
66830
380
66010
964
66362
488
67962
465
66428
60
66902
98
67009
1281
515
63791
432
66092
129
66024
431
66022
139
66840
1945
67966
1395
67955
2548
66792
64
67579
693
66373
1295
66882
2888
66235
25
66479
209
66440
2935
66920
56
66653
2651
66787
3039
802
66576
66933
673
1412
3024
66079
66997
469
66858
1376
66313
66220
1499
66937
1855
67854
66543
911
66403
223
65976
2687
66530
64235
669
63861
39
66050
66539
2583
68551
167
67467
701
66404
562
67001
1456
1289
765
66895
66511
421
68555
2729
66661
61
66888
66822
475
64205
66760
2549
16569
73240
686
66408
66458
782
66219
2641
120
1528
68008
304
66464
50677
725
66034
4047
67617
821
67762
490
66306
66319
2175
909
66951
3116
68427
68123
2649
177
433
66768
66798
68460
68210
330
66940
4
68459
155
68208
430
63738
1278
63995
2605
2937
66396
531
2682
67029
2407
67347
67803
66223
2188
68119
68124
2707
12
67535
2661
66945
695
34
66751
1426
67019
1556
66390
1345
66954
66832
508
63766
14
63815
464
66384
1213
66212
197
63864
66558
550
549
63901
423
66304
955
66794
451
66381
1277
66818
1284
68422
1799
68181
1218
68410
401
67058
66982
2603
7964
66383
66128
415
4045
63893
66834
66093
3131
65968
1840
66226
688
68409
2556
67792
1334
3383
66264
68103
38
73222
66979
2461
66635
194
472
605
68219
1237
68247
67937
65973
803
68204
594
10573
66061
2770
68202
26
5166
68046
492
180
66310
883
63720
10211
64219
67859
2169
591
66800
327
66490
66722
1249
66752
698
66487
2807
66121
728
6898
66433
950
67843
360
68173
2318
63713
66835
72086
6786
66517
652
66609
1538
63964
584
71132
207
1492
68473
2725
66697
2598
66243
486
66371
859
66587
2645
68097
618
66355
598
67500
1305
68133
1290
66027
1868
68331
80
64218
6889
66259
1280
67876
2950
63722
393
66075
2569
66293
793
467
66089
63641
72712
2626
68131
143
479
3055
68540
2821
66262
1236
66387
896
2702
63748
1183
68448
66286
66651
1326
66867
1323
67944
57
64446
2563
66584
872
64238
824
72733
255
10338
71959
66478
610
5334
66342
66718
887
1313
66120
2285
2055
68120
119
66793
3122
65994
68411
2378
158
66947
1401
66946
663
67986
66217
565
66680
555
2642
66131
3871
68098
68126
50850
3061
66281
407
67099
1436
1306
6315
64224
2976
63961
477
66173
2328
64220
3469
66755
1254
66374
1238
68066
1969
66190
590
68025
1276
66865
1348
66513
1717
64275
16381
68414
2659
64285
6396
66389
74
68476
9702
66460
2210
66585
696
66070
16999
63230
10476
64233
66908
7047
66499
6606
68264
1510
67957
1245
3379
2856
71903
67488
68590
66853
506
68298
1706
66573
6789
68425
2209
3094
72081
66761
31695
66874
417
70357
16601
66451
6725
66944
1208
71819
2247
68263
1548
639
17942
66575
413
2578
68259
68498
66537
2531
66388
2647
63752
67240
1582
68428
458
68343
1775
67704
2205
64245
2434
66601
1293
66405
1203
755
66494
67525
203
66514
764
2508
10929
67662
31611
68022
130
67929
117
66884
398
67519
2111
73074
369
66767
22
67147
626
66224
1698
66492
2969
66444
164
66484
3130
68018
881
91
65553
796
68563
2887
68189
2497
67496
1545
66085
718
66906
2191
68049
2468
92473
2379
63796
1634
66802
2995
66749
838
66357
63742
65581
1384
65
67936
2540
66873
2864
66031
1770
52696
1413
65984
580
67057
2274
66964
2500
68567
2485
66269
66934
1602
589
2895
66268
1918
68183
68440
9635
71158
2128
66618
1803
66729
2621
789
63896
189
65977
1103
16003
71808
331
69876
405
68357
3021
67361
67159
64262
3069
105
67833
4011
66630
10406
63934
5991
385
66966
336
66361
66473
5168
66003
2252
67485
2582
67570
1240
67855
2974
66232
73827
3105
64290
2607
1580
1220
68569
66797
66496
58
2367
68100
2978
66312
1495
68582
66471
1487
2411
25417
66352
91084
438
52967
629
68281
67201
2100
66777
1871
67930
10269
63843
2251
67439
615
1297
64270
2669
63618
2570
66885
67970
682
66467
635
65321
2695
706
874
67770
904
50995
68091
462
67963
6585
68193
1530
68188
560
66465
66101
3059
1588
2124
6
64242
66980
67747
733
63967
156
50801
1239
63674
41
67809
2237
72682
66230
2032
6013
66500
90
66943
2177
64203
2320
65983
2267
74022
3392
68118
766
66412
52
1912
66563
7048
67649
710
68290
2773
63885
756
68138
10201
68474
63780
66277
1947
715
2797
63723
68395
1273
68344
1461
66735
2346
64489
66213
2788
67938
126
68867
2472
3363
2476
67945
2625
72219
10565
67342
26848
66790
2701
71423
1387
50837
184
66652
71914
750
93517
66463
1173
63849
2922
68562
16919
183
2273
68417
6263
63799
1960
67862
1201
66207
1901
67336
12029
66621
2255
66181
2332
67952
1256
67981
67626
71872
16566
930
264
66789
26411
64367
23327
66418
1853
68234
1302
93535
68523
10486
827
66360
67463
10848
68434
17961
1212
67163
68004
743
52595
64259
1788
72152
1494
10414
66817
869
65045
2890
67243
16059
88
72981
68209
66057
2844
66505
187
66170
205
74390
12096
1269
68535
2929
67069
68178
1400
63887
2896
68007
641
2155
66246
265
63913
1449
68262
2356
68542
10835
64472
910
64297
68152
272
67000
1653
66506
162
68351
64216
313
65963
48240
9802
1881
68130
68089
2961
67205
1445
66654
33127
68248
1798
71276
2192
69739
10499
66009
1178
74411
225
63765
2217
68591
3056
67643
2276
714
63930
2703
54348
66042
11741
67671
1903
66158
856
66397
1396
66086
2080
66299
68088
2721
32115
651
66133
66291
2225
66240
2050
67344
66189
67088
10391
6350
67326
742
68516
233
66130
452
63932
63844
410
67533
5353
2484
63639
2473
63940
9763
67321
3118
67831
1639
65985
71551
1859
17461
3119
66026
88473
66335
10477
67101
1746
2220
68342
2997
66380
68218
1861
867
10436
68239
67430
1979
453
66821
67156
858
2361
63999
2924
63819
68526
664
66138
67455
2242
10207
66461
63950
12368
51465
10393
1899
67865
10445
63860
352
1733
71740
253
98351
2808
67089
67604
67075
2334
73509
507
3417
66006
1661
63914
2873
66846
857
68332
672
69039
6969
74268
7236
1930
70790
64295
2853
66095
944
68475
1870
66935
441
67615
2765
67458
722
68099
67877
446
1630
71179
107
67738
2673
3048
66695
66134
1941
63794
67073
50
67759
5758
65988
2362
66659
600
63829
2676
67319
8891
6138
2081
66750
50653
186
41883
68391
71030
2775
2798
72390
261
66628
67900
4063
64697
78
81608
2766
68511
1590
63848
2256
6505
10576
67732
18038
63991
1707
67633
2948
66709
67645
68277
2466
66080
17945
2925
2214
67400
2886
63732
63660
747
73286
1940
67080
7218
67658
2943
67325
1959
91930
2207
67056
2779
1301
66686
1727
64037
2931
63959
68137
2845
67157
650
1467
64211
889
66222
341
65978
2168
67987
2817
68386
65960
52287
72865
2792
2117
3554
67628
11714
63788
5557
66084
302
73067
445
66862
962
51803
10493
66503
67327
2689
67879
251
343
77370
71319
4614
8984
66919
4906
64005
4100
63664
2303
67518
1483
63617
68302
644
67434
95
64284
2277
67479
81
67296
2838
63715
10617
67820
275
68010
5683
50814
2150
68206
10453
67783
573
67868
10432
66172
2381
90971
2074
63310
1561
73031
2133
93541
67947
8623
73387
2813
2305
70143
67177
2338
67464
2110
66924
170
1047
87563
2999
67653
65391
2975
68521
2014
69310
1405
69791
1464
10514
12345
72736
822
71215
9817
65966
2176
66941
73417
91309
1484
66048
4657
74448
4750
67246
10546
68285
28240
66974
1486
680
67974
674
67260
1817
67600
12400
50654
3053
68254
1816
73672
389
63921
2825
67544
3112
16176
10484
66646
1319
67444
73942
7772
67702
1437
67332
67933
67657
16419
66023
31496
6900
66088
1618
68452
1474
67889
66021
2902
68148
10534
63623
818
68184
15857
68212
3226
66154
2967
71308
2212
66196
1841
68576
2179
2829
66875
7907
3487
63949
1773
67565
2102
74699
7616
67968
41839
62848
66602
7532
67443
67942
10542
66988
2846
66565
1403
67654
1844
66250
9642
1272
2879
68233
11423
67739
2462
68145
74385
36
63853
2331
50652
2735
2071
67779
99333
2841
3336
68048
2971
68035
66909
621
71838
1529
66253
16360
1190
53452
1365
67265
2036
64226
1030
68572
1585
68326
67853
1498
66279
2539
70960
66470
2530
63911
236
68155
2017
57305
2085
67531
9446
10403
10463
67593
2068
2321
66163
17006
65593
9758
67120
274
64467
6833
66758
70678
2940
16013
963
66157
63988
2591
660
63271
67054
67138
7078
98139
6141
3085
67229
1593
67293
68334
6986
2001
66901
2433
66912
2837
64215
317
66229
11279
68568
3107
10822
68436
66
66528
825
1215
68127
1505
66676
339
66963
1636
66926
1769
64208
63776
2490
66491
63778
17495
69122
1781
63993
7822
10364
52240
784
88322
10799
6714
790
66692
3099
2007
51741
66488
792
67817
2780
67456
67655
5995
1243
63731
1194
92309
3096
67580
2079
63929
1911
69176
1193
63801
1358
68087
2440
66431
2692
68073
806
65253
67913
2655
48229
67290
2039
10752
67909
530
63797
70130
16650
1750
2035
63839
90151
2783
64001
11853
66688
68415
1955
66897
1230
67431
1557
67629
10823
11861
66603
63650
2654
67827
418
2101
67141
66803
8008
3117
66562
63869
66684
2546
1054
2619
10533
68378
2893
71926
16857
91076
3489
69153
2664
65499
71229
65751
26750
2377
67954
2571
66650
51773
1542
960
66634
1246
71674
4162
66287
64419
6686
68375
8975
68113
2849
68583
3065
4971
27490
67568
51967
1473
34833
65815
93622
67672
2777
2029
68182
2414
72049
5536
66742
1999
60790
1516
64268
5934
66548
5175
67320
2238
63954
297
66278
6674
67277
518
65990
1451
66744
3464
56543
2514
66525
545
67026
3101
92648
2763
2307
70999
68373
3779
66918
63806
1761
66531
1315
66739
2372
63681
10950
64523
5558
67824
1408
66321
1687
66560
1383
71965
25752
68283
1838
67818
1599
64199
10398
67694
2899
1234
66572
2280
64280
612
6067
68167
10434
64222
67155
4101
68515
2833
72944
1264
68226
66948
3916
5740
74303
2727
66018
301
73232
10650
63619
1847
67695
14416
68688
10002
65837
2877
67829
10562
64166
2653
68284
2240
53234
1779
67950
67594
6624
72952
2803
66571
966
66969
1928
74735
3095
68307
10185
8323
41520
50565
1758
67331
66382
202
68175
66294
2644
68015
6855
67917
436
72454
2262
66745
10401
6273
69371
10737
67051
3070
68314
283
67323
10555
64683
27938
88556
2751
67797
10334
68388
6004
69779
16150
71762
2916
67901
1457
60760
1406
66275
2130
67874
8791
68502
2488
72741
1402
67983
1011
89016
5963
63708
17170
63719
6726
72213
6429
71167
2595
66991
780
64088
2666
66931
2249
66582
71210
2343
26258
2115
68275
67213
1722
63661
2413
2528
67921
63568
73149
11932
93283
12278
71870
5989
10405
69005
1507
2309
68347
12055
66519
69384
1521
67845
2944
65488
759
73405
12331
51001
10709
67261
49
71611
7199
67258
63761
71216
1502
66446
2863
71929
2872
9390
9539
67701
8874
98053
12438
66442
2612
68050
731
73161
689
63238
4766
67740
93605
3449
71490
55
93272
5734
65555
1975
67385
390
2529
67591
2962
67667
10733
66032
2559
64404
66185
1526
10407
70540
248
71184
18535
53145
68513
6164
67425
3276
67366
12485
63984
67217
3033
2958
66569
66283
12364
2203
2691
66959
92090
67105
3189
138
69160
2499
271
64579
67255
66454
6818
66482
885
71001
894
2151
2427
68524
2630
63785
4108
64243
27350
67187
66290
71365
26944
16083
67393
897
68110
8226
63821
1896
68215
1531
52662
2253
66450
649
52677
2679
66256
2566
69546
7583
54430
1105
72816
2088
71146
24720
64711
25802
67462
2921
69476
3088
67200
3902
66248
41886
66028
7320
68431
10003
71021
3499
2538
75291
986
68450
10832
69180
8288
70224
7781
64129
6596
70989
66328
71983
2993
71879
1782
71127
7343
9954
66779
67985
15998
64281
16968
67552
227
68143
350
68240
2910
67349
1209
2793
66115
17515
63915
2941
90978
63359
4970
65560
34317
5474
67807
2938
88608
10847
67043
9256
70290
34806
71664
16348
67849
2304
71087
2233
68508
10554
65740
17899
71916
8472
69544
864
67114
1790
65448
601
69154
64855
712
68090
1303
67315
2698
71997
1518
949
447
66960
10309
71351
12443
67712
1597
71489
8867
10779
91361
7782
67796
68012
232
68577
902
68094
2166
69904
2296
68432
4577
66861
1152
69162
2747
70743
1034
1271
63696
67692
640
67005
10051
72330
2093
92523
5981
64742
2503
67153
7189
68323
1512
8691
63551
63823
25950
50686
2190
10500
67021
2511
55474
4498
74163
65282
26851
307
63680
494
52841
63256
68135
2926
23375
64970
10532
67095
87551
64749
246
63833
2043
67885
67774
5303
72876
4792
52012
4367
71881
208
9724
5632
63751
525
64286
10491
68122
2868
65192
4401
66166
3020
64358
12168
67100
5255
77249
65299
231
17747
64348
67508
63631
18216
68031
166
70305
1611
65457
2025
2034
8041
63857
2425
63942
804
54392
1059
66725
1774
66426
613
63826
2445
65073
11588
93073
31890
66515
2475
74355
4857
66377
10413
67480
9609
73772
6286
66186
154
65512
8586
68117
66764
11363
67158
69102
623
66984
6603
66180
7819
69786
15988
4584
6294
66808
68255
1440
68423
51809
10579
66816
63569
5403
4948
67758
2631
10218
92565
66619
4035
63854
372
66833
18203
1710
67135
5676
68252
69426
64614
9705
10882
10740
50541
93588
840
810
65676
3789
66561
3858
63208
7014
67557
2593
62957
71708
2390
1459
67092
2918
56940
221
54276
52587
713
69366
6309
66273
2373
64642
15923
68560
73893
7710
68080
2951
64411
967
1729
63981
3026
67134
5771
70931
3362
72672
67
67728
42101
63990
1939
71504
1702
57683
4475
68461
2858
25821
68045
3365
67751
25174
63898
10585
71974
67188
67767
171
68400
2030
51859
67652
11365
67979
1800
68033
1759
66402
18615
596
66673
1567
66188
1533
10461
2353
4332
63711
1428
54828
66903
457
68365
104
11259
68525
2106
71059
2327
64744
28040
93241
29108
64227
637
72114
67359
1373
67363
8333
68157
1610
65355
735
74206
2236
67306
15318
52417
1795
68353
27505
67074
204
67998
66706
6144
66852
2358
64529
15756
2374
67815
67376
10582
6719
8766
66176
71180
1364
65362
1562
64214
67084
797
1619
64494
17921
71000
52922
74093
16906
5196
63969
12054
66716
4034
72877
10178
87717
64556
7920
63868
9287
52788
8313
68043
54914
748
63820
1354
70985
16503
80321
92
74273
2501
3124
67602
63779
461
67123
9879
74146
26140
3588
66292
98085
15827
68951
8436
1796
2388
60731
71324
918
67482
26508
68194
2996
74527
68886
7401
948
63584
66090
2627
2230
10675
73477
26360
67299
11581
67908
3515
70699
8334
67216
11549
66068
2042
66258
64274
6351
2857
68296
67266
1028
66564
2622
64615
67766
2491
66183
17944
71462
6589
72153
12244
493
50951
1614
68288
15139
67064
5512
63069
94
66870
9610
70445
1694
66199
69376
5696
68109
42059
66615
8113
8507
64223
622
53369
1564
933
69190
6879
68666
26211
51855
898
66781
72489
717
71928
4039
72094
2459
90799
68317
888
92351
6577
70373
657
64246
52999
11
72479
39495
9618
98472
2989
67055
22358
6560
53329
1849
74019
66051
67427
2639
10556
5693
74707
67882
4665
50354
67494
2290
65437
10535
5518
31620
72389
32583
63809
98315
90706
1102
62144
9729
13982
67648
2786
70230
11170
74434
10468
92521
12465
71107
25842
63740
739
67094
1320
707
3010
67081
63409
67438
6018
67609
8919
65456
1565
73210
67741
2026
67641
8762
74428
1726
2389
3181
65690
1914
74250
47
71241
1655
73562
98745
761
73903
1211
67699
10459
70300
520
2146
64347
5029
71057
287
66813
924
913
9852
73157
67582
12291
66701
11128
65220
1424
2774
63781
63865
66017
1880
1673
64402
839
66600
4423
72371
73156
1397
67844
1308
91933
10341
12243
63450
11208
7018
66483
1511
64797
63381
9195
64991
1581
11876
67150
68313
33405
69583
1391
51488
3423
64241
10385
71601
6307
72867
10336
68449
1268
74822
1736
67435
2053
63746
12008
96237
6899
2506
65340
3182
63862
64888
11851
72039
2131
67472
216
67545
1747
73246
9747
69477
6393
63871
2739
66274
10007
71849
1696
63986
6724
67286
72906
14723
8603
36497
72925
2243
68266
10354
71110
8733
72573
7317
64719
71338
3001
72201
2866
9607
6387
63000
11726
66002
10569
64473
74512
2218
67066
10306
65107
2814
74556
1450
67353
10692
68522
2933
92780
9835
54494
2870
71730
539
71729
42371
72707
9479
74769
2056
65503
7290
88596
11410
69261
346
51892
974
73231
6439
63957
42405
71602
3060
68019
12366
72158
72734
1259
96952
5733
66719
3479
63698
17260
2048
58118
67813
1351
71157
7427
2635
66696
11998
71235
67206
5089
65566
1463
70049
2185
69033
3068
11560
63633
11874
31690
67307
1943
182
63550
9961
60625
27855
64554
64277
50649
3173
10165
52578
6254
60647
3082
72910
10874
72924
71014
18205
70818
1690
5169
2884
70044
13660
5258
67412
220
68837
64729
70323
3051
5938
68584
10400
65828
68581
69192
1632
54339
12822
67404
20413
67961
1780
72064
4798
68038
30258
73484
1819
63889
18215
6681
91870
65250
12516
63831
11658
10530
5363
63637
1524
64731
10164
52356
63735
2396
67586
2891
67469
7843
68102
314
60993
4612
5711
75495
68374
64263
3377
67096
27539
64567
9466
64629
14679
63080
9322
67757
5497
959
11497
68114
66657
13563
6988
67036
67685
3492
8289
62705
6888
66524
5983
65621
27470
52311
5840
68242
65324
67595
6259
67358
10329
67566
12824
66266
359
66677
1813
67470
954
64232
10362
67407
15804
67356
2517
60829
16279
12480
1908
65303
96
68834
11850
54507
54917
6504
975
72773
5163
63772
22076
74842
64269
3807
50479
6538
68336
18748
67526
10841
67367
10747
2796
1684
66439
73019
9768
70555
74010
21784
63275
7443
1333
71843
2684
69284
68174
2103
8181
67238
9586
69309
11285
70558
10224
74055
27105
1808
67561
1953
72726
31333
67798
2946
74454
5224
69879
121
74087
10105
66827
8295
69676
157
54342
16408
454
92786
4568
67030
1714
68338
2991
93910
16184
68095
11902
72474
8920
68340
2633
6222
66859
55518
11920
68849
2323
64188
1778
63872
1515
67119
5390
67553
10410
69059
2953
62968
3123
67589
1122
72766
9712
71587
9285
68361
6252
27711
70163
68487
66687
4555
52384
2375
3967
67598
27951
66756
512
66367
3745
67634
9986
50406
17773
63727
4643
50742
7041
68503
1887
63078
6026
64210
35255
90996
4825
92062
66674
1791
67632
11376
67137
30475
65636
7943
72042
9238
66495
24955
66536
260
9833
72320
1705
54470
17269
54436
2200
72074
1195
66202
377
50786
5328
73030
5675
70676
12272
65417
357
14318
66252
67773
67515
18774
90794
8401
6965
2515
65431
71290
65006
17215
10613
54561
25549
50860
12043
64605
65088
8237
72802
2611
2587
92310
69232
7119
68520
1794
9270
69887
4511
106
68355
1631
63729
68648
63923
1925
70452
26251
53112
60764
1227
2640
67225
9735
66987
2561
11101
69530
67972
10392
67914
12002
8735
63546
74208
63624
9687
68627
2013
66206
2599
69229
16217
98098
11317
3969
6609
67437
67771
6774
878
58749
2444
73084
14204
51039
74476
31882
67612
3794
67413
10478
3357
64739
2463
62799
28042
64699
1415
70140
67775
2581
68722
4397
64271
571
474
4910
54409
64874
6793
67449
27489
74118
2592
3904
63090
4488
70614
67588
449
64868
64505
17198
11627
64011
35543
67916
54556
27514
65517
41888
63211
12034
9634
6492
64432
6099
68467
10536
95156
114
96744
9161
70964
37405
63016
10567
67650
9098
60602
1649
72979
11009
72457
15924
68597
1244
69106
64239
8902
65396
2737
62920
11050
66616
66255
6938
68112
4092
67108
31779
12524
66099
67012
90921
375
66062
74841
2075
70800
4713
65404
7571
36279
2815
68384
67646
54784
10736
9621
11830
66151
14037
72113
13315
54200
4920
64019
73388
8080
65271
4914
69528
5351
64253
73040
64131
2222
2382
17943
52790
67411
11275
0
72825
3159
58576
35053
68635
2045
67755
1665
70576
8895
67191
2335
66737
63768
704
66047
71106
7586
93165
68402
11206
1821
1893
54327
66164
63125
2049
74500
1988
6440
3027
91389
6657
74971
6500
63888
2060
73220
1950
63943
11384
88509
178
53086
2178
69868
31621
71035
73855
11966
57308
3109
65360
65655
3481
70157
21430
74752
3385
68316
1983
63987
2745
69209
4358
65645
2033
71224
9666
914
64137
5461
90198
6139
78167
110
73608
74321
2768
63818
10427
2535
73141
71075
17630
50723
1154
13255
68057
10005
67927
4088
73089
2481
50663
63688
995
60936
10739
4889
1053
66013
99544
6744
3433
66694
50784
67956
16245
8366
705
70083
5364
71807
2139
68297
13648
72984
63828
67221
8914
67679
2523
7612
91648
87969
7046
2027
7123
52856
540
70744
3546
68078
63475
10485
65095
10458
64437
2289
71677
854
68546
50722
5050
63789
25940
68456
2391
69292
6761
7985
2330
70845
3890
74326
19587
64793
55228
68996
61457
10612
31488
63423
1783
67745
6097
54465
2076
91551
10454
67637
3002
72637
9929
70178
10101
72972
2672
10503
67015
10446
65066
2357
73324
70666
1377
25505
67416
7638
69628
69369
2850
8071
64685
70580
66216
14050
64051
1699
71817
1258
5954
63391
670
68013
67192
1489
70147
5435
66469
17401
26578
64371
67091
1537
6625
5199
319
67207
7562
68337
7783
54467
81842
11187
52098
63850
21451
5878
68076
16957
10578
88366
55259
6759
9257
54516
1179
71013
3268
74169
62921
3121
4512
70481
67502
72493
6372
175
69566
70018
239
73653
9178
67659
4474
1339
66044
68241
2105
66177
4390
62912
1113
7149
45
67872
31643
8449
67727
8547
66123
65336
4078
5999
69305
2828
68937
65449
77535
27588
81902
5427
71660
10610
4655
10566
67212
7749
68299
668
64120
7105
67537
8143
67379
9957
98041
8634
68186
64438
52461
11799
2386
50419
1367
11017
68216
66876
7755
66617
18742
72618
10695
73123
10197
67072
72554
63307
8814
1923
10094
1927
64716
69897
27555
72387
6054
65970
12162
68243
1748
74147
18766
67053
8979
10816
68744
73859
66209
45271
71044
1519
6374
74843
70755
5359
69338
1465
4087
10560
71625
63908
66770
11978
11217
2213
67466
2011
67899
10635
1789
70739
74629
67674
973
8351
65402
67279
1123
7355
5330
71264
69662
10039
63886
2125
42613
74097
66016
2024
9694
66035
64510
4995
68484
1753
68776
11894
63936
5385
92461
951
69358
60520
1754
67656
3919
1766
60042
9052
2160
18779
67396
4472
69405
7037
68366
98470
1468
72082
17821
65823
3787
2005
2624
9859
74307
72868
9633
70089
7720
50488
4478
74178
1994
2052
1666
71108
99391
1180
71361
643
70229
4079
92559
15817
73108
5765
73070
1497
69073
5195
69870
5898
72334
12537
67133
676
56384
1514
50587
1257
72872
5138
94320
1654
67115
20963
73983
24154
67920
9159
70502
31479
68869
5964
64766
2897
54058
5065
63800
8203
52684
2387
67226
10999
67371
5689
65108
26489
3943
69606
379
93250
1675
62872
8421
64656
224
63657
4556
97856
11440
68230
69998
9883
1662
71306
72447
72087
10053
247
9722
64574
8327
63386
2431
70781
1420
52767
63904
71748
42058
50819
3127
69560
10237
69521
66407
2015
92768
8965
54303
2674
60573
20237
11630
8869
65490
68999
2749
66990
41517
68424
11956
54487
4204
62953
41963
67993
67419
10095
66721
72327
8678
71056
5837
69954
19557
68108
1704
5768
64651
67851
2426
54283
27415
67663
11618
72032
720
67571
8930
69526
1587
293
68517
65832
4647
50674
6891
73061
1728
19066
65267
7157
11248
66553
1379
57459
33432
58307
5899
69788
66501
10570
65838
63846
5629
67129
10913
68228
10339
67622
2685
50508
1797
8172
66999
7246
63278
1942
66523
2834
30913
63319
73591
75352
1882
6187
63655
1378
63972
70949
12141
5640
71352
243
73748
66544
12344
64562
4334
7367
72140
64366
11411
65411
7327
10621
67050
18532
67769
4023
56134
5180
70155
63858
1292
43640
71535
6241
72215
4557
54439
11646
71544
1143
70968
2438
67294
5375
60487
59007
92557
4025
4624
54860
8014
56385
6876
64923
77216
795
65475
10355
847
10447
70068
63401
882
3866
64987
70318
10404
53385
72090
21741
64499
7855
67793
11110
2083
54859
50601
8036
72545
538
20583
64070
11533
1255
75298
65569
3237
68575
63725
73217
2957
73111
1251
68552
4731
64559
33845
1640
3721
66136
1708
68496
2221
67718
1869
67339
68530
11725
73640
69288
70764
1571
70423
8536
94353
4571
1318
10452
6175
65508
67264
65359
2405
73238
5239
52901
3128
93023
2070
50610
12787
72576
6331
67683
8306
63553
1683
71705
7379
65579
5288
67421
11414
70355
7138
58588
292
6277
4806
67311
68358
17585
71875
13566
68830
1935
70631
12314
74531
2881
63877
90922
16039
70886
8485
71438
4980
9691
1452
71654
17913
62940
67530
2648
67263
12070
69846
6230
58313
1902
122
68977
28179
70339
65352
3786
5819
70286
5439
65087
16372
70201
7364
74780
69114
10741
67194
5622
65995
3654
54395
1151
3810
16969
63879
1846
64052
13741
73471
17638
66060
159
72956
10767
66878
2368
74334
946
73707
65546
7921
67169
8466
64664
71687
2801
74479
7799
9978
64339
70102
24323
6775
73636
74423
9410
2662
52441
35402
67474
1721
67390
4073
67045
497
52087
5930
67236
27140
52946
3114
70866
1823
68878
12487
64770
2681
59067
5850
67709
30658
71164
2551
63601
3773
67840
7981
72874
3134
10297
64060
2008
64422
11663
64062
5488
66527
63328
90874
68936
17881
62889
10482
52127
537
74167
3726
853
4528
63667
2696
68128
69631
4436
69578
2781
5297
66702
30173
70807
41875
63962
65302
67222
27545
12570
90906
10283
69370
830
59068
10417
51877
14322
67959
6059
60921
65741
11790
57654
10450
74576
9102
71446
17069
3354
6640
72328
54421
5399
68609
63521
9906
72251
7410
1854
5682
62883
30087
67750
12520
57830
66225
6701
67812
34417
74802
10633
12098
74066
71192
69001
9226
67563
26988
93457
28002
65097
7835
92196
4918
63216
11051
5856
12418
63111
7592
74039
5868
66605
9922
63682
5333
65537
10833
93652
18582
54423
11036
50707
68377
68047
16006
68544
5517
18681
67423
70211
8232
67651
2258
63726
2000
22853
4343
99010
4941
74807
68935
1996
61685
2265
8164
64659
4819
67154
4349
72420
3800
63902
41453
72588
32055
64401
67690
3474
17594
70173
5216
71004
10751
72732
68421
7560
71539
12454
88027
12779
72784
11648
20287
52565
1501
51837
61764
64375
2889
64266
6584
8943
74186
67328
11444
4489
72060
958
73726
67395
3899
11572
97170
11061
14750
69519
64773
67540
1595
10196
349
65697
54197
72236
2634
73055
70294
1263
7242
71709
3954
3764
66215
16264
67763
21493
65599
68125
69808
1591
67303
2232
70412
3624
70120
66551
3273
54410
65074
5913
66142
10308
72429
11397
2087
57859
3477
16922
50923
3197
54457
11006
71956
14396
65913
1716
60489
10938
68660
8913
50250
865
73038
5137
63753
7422
63154
11117
51593
41836
68060
1342
67369
17928
68151
11765
69894
18503
60744
2224
70835
67772
6247
6865
8598
74442
5552
69235
25675
52948
63051
59917
8790
1756
12536
65305
1392
67640
2892
71586
10887
62925
2422
69569
5955
66420
2341
50667
7281
65484
8013
68993
6713
70661
5415
54847
17207
70222
9814
1879
50694
72811
5296
69410
63671
10731
68003
41816
67614
54836
11462
73027
12381
10871
10974
69461
69928
75254
9330
65788
11040
63847
328
54992
4925
88251
7767
8157
5561
65148
64212
18585
54863
27079
66200
3408
70272
67314
6156
70416
32077
7831
12012
65961
10118
63209
71323
72393
3614
67126
229
10175
99353
71891
3993
68359
8877
67856
11395
8309
72481
9734
64839
11571
67610
41976
71691
10575
73519
7160
72965
3708
73539
10025
70167
4471
67498
1222
72067
64621
31638
16284
74405
67414
2020
8800
54389
88390
18771
53407
5290
18572
67048
41112
5355
70349
13602
64818
63253
25892
17224
63107
88461
8612
72266
16563
64289
2119
18657
67402
10868
71950
73663
68223
15760
16436
7039
68311
51963
52485
11338
50813
11335
4257
79902
16107
74750
2366
72829
3769
66732
42146
67764
5808
13140
65296
3534
63057
12472
62730
91825
69891
12140
64986
8408
71735
37728
81912
17304
64300
1740
73734
942
6340
1674
66857
923
64679
41847
62944
7098
65902
21374
71401
18533
67370
9305
64951
65474
25880
63232
6852
67196
5522
67875
4947
65536
8696
68698
10490
72096
19376
8951
56961
5177
59765
67087
7507
68369
11868
72240
4674
68451
868
9009
73177
6007
54415
70469
33343
4949
20989
71741
5501
69265
2165
71233
9704
57217
93101
65504
4616
66799
68390
16584
9937
2167
69291
67928
63151
9840
53374
3006
50796
6773
76798
10855
69884
15755
67267
41853
90965
11353
63838
17441
74640
9069
7665
2740
57733
6977
74622
149
55910
74567
4339
54819
1224
63034
4099
71418
1984
68600
9243
66778
26009
68398
5344
64282
4687
72943
2541
66109
5265
69433
10333
64407
5268
64115
9728
71695
10254
69857
33512
68396
7927
71912
198
63803
67965
1552
71564
1828
52740
9196
63252
6135
66504
1558
1751
4518
64164
1560
67420
1689
67506
73558
10616
67302
4909
74652
73619
64811
6861
67107
53046
7177
1990
9903
68245
12319
73783
74065
7266
67166
1900
63589
63755
11677
63345
2994
63798
17648
1439
54091
6081
2457
73669
63757
1508
54522
19002
70519
1228
77384
21196
56344
27991
978
51618
89863
21768
69294
74571
8094
3550
3228
67693
17979
67794
1058
76837
943
67839
3282
91072
3442
63658
65009
74800
1663
3480
3974
72540
7121
73836
280
71684
6554
63541
27502
4930
64337
1659
68244
27569
72648
72356
11602
76239
67673
77
74574
4761
7874
71804
1438
5854
54220
31608
73988
12339
52963
2116
74358
64848
11777
67939
72441
1987
76553
5942
9654
3046
72422
68232
69218
6842
70103
5013
72172
11324
67397
642
74094
26752
66640
2216
67905
10250
63786
6201
69816
44143
9452
64171
56481
3360
11586
50294
66864
1860
63171
2154
66108
2588
69883
6955
54368
15356
73979
2184
69964
11575
41309
62966
65090
44375
69374
6859
62984
3958
72048
3727
66784
31710
65159
6353
10052
5047
71718
10259
68514
4325
59788
10561
73763
60433
5929
55092
67271
9386
63503
16521
65821
3962
60491
11081
28139
2914
72999
88276
71129
1419
57125
10027
63918
11735
65667
9131
71771
1764
69837
9520
70592
10479
72243
72035
36616
71258
4676
67433
18773
67503
10304
10091
10843
54531
619
64273
70473
1693
71765
22084
74751
31672
70324
9323
66231
1261
66117
4797
66645
3371
66343
5402
71098
17357
61332
1651
55621
3028
62846
12164
64353
7111
49299
4786
69276
4558
68092
9458
63513
7932
65216
65181
8281
97085
10298
69320
4066
64018
7521
70447
11553
41429
67541
24718
74253
73009
6220
66116
4827
73212
6499
5293
51523
3728
10591
64755
69632
65959
69460
8757
59679
9725
8546
63615
70388
71935
11703
55772
2198
66956
6407
73868
4051
94462
2293
7816
64894
1627
73500
9054
25358
70501
15753
70507
2742
96390
10029
64899
160
65111
12375
73565
4913
70623
15440
64973
63749
73589
7500
66642
1985
63941
27102
66826
6671
66394
9675
6952
5091
63178
33450
54422
7267
64287
64522
71207
5191
73966
12102
68561
3044
91448
3560
11705
63651
54524
12365
74218
3071
60775
4602
3936
2458
62861
5348
98773
11280
64101
133
67125
11884
69690
71359
74776
8214
72275
1762
62132
29614
70226
9302
11999
6851
63190
31817
67666
487
69757
70965
69872
12297
72660
52090
5587
6192
92763
7557
50811
315
88521
12397
69347
6934
67245
11186
73592
16935
72974
1072
74000
7259
67083
2954
67149
3233
66690
9551
58076
28077
50362
5060
65534
3311
1601
65898
65083
20354
73478
815
8665
61169
63770
10395
72532
18050
71930
7146
70731
1980
63659
21828
70727
2956
68899
67601
16519
9907
57338
65182
5077
1647
65387
4097
66849
2313
70466
12181
68998
64464
11668
67102
50439
3409
69713
17079
17253
2241
68321
2302
65262
12100
72746
64759
67103
68694
5783
125
56490
18426
66545
2406
73383
18460
72900
25389
50648
11887
1577
55624
69101
67465
31589
3493
68403
64592
1274
11939
53310
72089
1027
67023
29741
92982
21363
12409
5075
67964
8876
67454
16220
77372
12467
63545
8602
62969
1119
67729
12850
54382
6330
73304
6379
74350
18598
66508
66041
63538
10244
68162
1199
72883
34470
61489
67549
3924
70379
10777
59034
17421
65412
16502
54312
1617
1621
29622
67203
9623
74016
345
87612
63416
10231
4833
70616
64628
69845
5460
1081
1951
63804
41647
72677
71407
69703
68745
36801
35502
6212
88601
72516
6061
54456
12460
72209
17533
72566
1877
68806
27281
588
74705
48052
71880
4068
68512
8130
64095
8241
52001
70826
36549
69272
5260
67782
11429
66915
6399
68571
1850
84114
70596
8789
19553
7572
70701
3518
81766
38659
69927
70796
63599
41856
72615
3340
69038
7381
1920
73553
3548
43699
73326
174
67573
66168
1814
51908
73421
10912
70151
3037
66588
5495
71304
9314
99427
7725
69237
12415
98993
11432
15077
93666
67146
7718
69295
25614
9275
90513
7660
81847
12353
60665
5575
52937
70421
64189
9792
69210
2291
64575
9644
68742
10527
3081
5583
52607
9382
70963
89974
6768
8599
70238
9845
61894
66734
3191
66533
32352
74145
2650
93253
74782
57169
1137
70341
57407
8032
72898
9516
8009
2628
54323
14503
63971
13715
54202
27809
66591
471
71358
11066
73845
1737
54960
74779
13218
71507
63867
7337
68136
870
50240
13902
72638
70422
1757
64741
703
8085
50333
41318
1865
12274
24226
68934
74255
3352
57016
8425
76899
1430
74356
12317
5420
64587
2867
68673
23357
322
58244
11362
99355
7750
73585
70097
65952
4576
583
69184
21338
25955
72199
9769
73635
54491
65938
12461
70809
11704
68061
1931
69596
9995
70392
10619
71153
11103
7124
51156
2271
9964
70471
69824
16161
4837
95258
6819
52583
4516
74565
11090
6233
66704
51985
1331
7264
92614
23969
67297
11657
5294
70154
12387
66386
69174
68441
7915
93137
1885
66054
4822
14406
26125
69708
29527
67661
63759
24475
73337
51530
11574
3023
54301
71798
7895
71850
3715
73958
3780
58790
2665
64434
3041
11308
11833
74799
10894
56523
54839
36643
2762
62850
66046
10155
70788
2985
71713
163
4842
66753
941
90816
62956
8590
5120
92899
11810
73587
9457
74119
72526
53067
7640
4546
12180
70088
73274
485
71040
32522
59970
8411
70620
72748
15333
69060
8825
64488
11417
62160
21176
65052
27204
13569
4348
92959
58436
54829
15975
52919
7299
69565
4469
8585
2432
66308
74775
68492
66911
7067
63892
11523
5035
73492
68580
634
12502
70354
12015
71115
71154
65386
92022
27232
70832
29512
73938
9346
66445
4878
91323
4831
54247
3751
71986
22391
64459
11558
54244
10785
69901
11686
73865
5434
94444
34127
67787
6234
68017
12263
97674
1039
68478
1973
2031
65594
8893
66669
73959
15472
26471
6332
67477
64157
67475
7240
67743
5261
25454
70220
76095
12084
73586
11399
74836
4630
60969
10962
69187
6731
8883
10914
65035
76185
9541
53073
4932
94529
42916
63272
71426
11642
21467
6704
98110
71947
63294
11863
1219
67346
81815
9707
2446
68443
69487
10946
6096
17469
51354
7153
68941
25938
63360
74846
12091
73266
12414
74324
10469
8807
69737
73273
12423
70012
6197
76381
6063
67202
16268
68271
3692
69260
24045
69238
2384
65463
7004
63567
7353
64898
11385
65205
16135
61486
18011
62834
4457
65294
7257
63199
11258
65885
6958
71136
16350
2830
70277
16819
67860
91404
8074
2159
64258
5067
52571
5001
68980
62857
212
72749
68643
9807
74602
67778
4107
67368
74553
11870
68827
16089
3507
61547
16456
71023
61160
677
72073
74244
10251
5881
63523
4887
74035
2908
2065
64077
11224
51648
8997
63836
10715
66406
28160
71793
32056
65289
3414
72982
12695
54402
8004
63710
54601
70543
10058
92636
168
7974
63249
73480
7076
36702
2369
62932
2467
68470
9785
98233
3801
63446
17191
67492
7190
54713
68721
64607
12967
3025
71971
11033
3768
69420
72143
65452
9887
64913
5936
1635
66962
66977
9872
20651
73985
21868
70557
4791
12434
54335
61941
5133
60065
6110
65056
1381
71980
9199
1361
68838
69312
68236
1131
69052
7857
9583
41843
65862
68889
10811
32052
54827
11318
65317
60490
8990
2022
65582
27006
98747
10274
69655
61452
74606
5630
67185
3743
67214
3876
9097
68348
1667
25107
69877
74748
65565
17479
14345
71519
67781
1335
27444
37566
71791
10340
64332
6021
68704
11236
71373
17536
50807
7926
69355
9616
69849
7867
64324
6264
67313
1000
53441
73250
66775
1905
67722
4939
64513
29116
73139
20486
50839
9615
2811
2677
73035
7813
69258
73371
69099
2986
53640
5098
64862
10161
64456
48238
55923
17534
29756
72628
9420
7253
60519
9515
17015
67268
27274
55804
3723
63126
54252
3501
73888
33355
60874
3538
74738
16258
54826
48700
3038
67678
37341
72442
7326
64585
12187
67700
65304
73468
5673
52156
6275
70015
222
69115
7129
69357
10838
50366
16079
51357
11715
72283
4429
73020
4503
9409
70578
9435
71326
41225
97279
4951
62837
17667
70834
11927
73374
11568
92751
73352
4686
63407
48230
98062
25930
5394
936
69601
68479
9679
6318
1221
73650
62090
11052
351
92971
5492
74464
17529
52543
2822
73483
7083
73342
17767
64180
8324
73386
10474
2949
65313
7325
72568
5977
64536
11135
72031
64130
65374
11268
65254
17460
69936
8361
60361
7444
72293
8027
98082
9592
42232
10042
7021
70888
31532
70793
1232
77289
25393
61118
73782
63188
70566
9221
69165
28061
62900
5042
12455
73300
6846
66447
25187
17514
69780
92921
19527
65497
630
64377
6014
89003
26715
3267
63687
70491
68695
9281
50348
8337
63594
74132
3620
70010
6653
63677
4570
19461
73776
63072
7870
71863
6401
73057
11907
60736
6594
74089
8100
67547
6659
13934
71679
7845
69091
13012
66452
10805
72253
19139
67861
7877
66301
11339
73729
11605
26012
63024
27666
54626
21305
69619
8880
50440
3874
69735
195
65506
74277
1811
1695
63250
2062
66992
10209
83368
17511
51838
4360
64871
427
1670
50550
68775
67668
7191
805
72634
3557
17516
85721
69364
9940
11228
67422
12085
62879
9789
64323
10944
63648
83519
64075
11745
65260
20816
71355
5145
98180
2279
74204
10758
567
1801
71802
12238
63289
10518
66554
10174
72402
65494
71190
3466
65713
31896
64155
6738
7793
65164
10900
66271
86475
11578
65719
7095
10775
16559
69068
9078
68141
64678
52800
6375
72355
6296
67417
2906
70410
9757
5322
10044
70908
63415
69953
31300
64758
2771
71904
10386
74200
8856
73152
12478
71977
8230
3040
17189
73332
27178
51000
582
53200
1723
79274
71900
11062
64677
70567
16139
13353
10288
73522
3369
93781
20056
3845
51151
218
65557
33651
88579
54526
3536
8305
26665
51846
55127
5730
6626
71979
70698
70875
8154
74467
11852
12155
2365
64544
73199
64571
12641
18705
15808
60726
152
57371
2809
71414
6131
69715
1835
93062
62867
2519
70606
4985
51557
70232
42030
73146
52382
235
68142
16546
72608
2360
70432
4338
88653
7617
90828
17540
7853
6177
65439
74733
26875
59691
66863
6709
51976
11768
7377
70420
877
66891
8689
69515
12359
15951
68557
27366
72063
11156
91186
69121
27432
11438
44740
60551
8168
70874
72142
5378
90685
71010
65293
535
72205
15568
99293
42349
63347
8713
7061
21266
49555
63367
68883
17259
62977
7726
72838
3697
63167
12374
7683
3331
52320
5056
70362
27729
74459
2660
66365
9826
69377
2352
73487
10654
12362
68368
4847
67241
1958
54274
8207
54158
148
9836
71686
25700
65884
18297
79232
75177
15505
63554
63922
70651
2392
69281
7112
24268
69236
5257
72957
5647
65180
6961
66366
9760
97323
26446
56121
1078
67835
8092
74676
77284
6536
61395
18310
27191
27247
63985
11075
54372
12023
91903
24095
69388
10081
88268
7650
6418
64240
11881
72975
310
67948
10753
65934
6089
51825
7776
70185
91657
51469
7984
72667
17217
91101
603
10688
7700
74082
8682
64690
70636
93086
9670
55610
10281
3380
10684
67275
78387
17700
74071
15078
12853
94306
9344
73602
68701
72173
16652
10205
39145
62905
39880
76350
21737
65276
44775
48023
39673
20999
28955
68301
41359
68077
17981
70321
34098
65057
6608
73805
15602
54943
6380
53263
3318
64257
5259
37043
88525
80512
18973
51449
32144
64799
7645
83498
53622
34449
1609
89430
31952
73706
14789
59082
90833
29969
21528
54853
86433
55023
23248
28053
2980
86897
5857
35980
46513
74563
82148
57099
97676
13450
15918
51886
52161
72130
3175
59317
14009
50665
68774
26790
24607
84466
52177
73952
21657
72126
21289
91638
42828
94168
21248
62208
18502
15269
31512
57396
47925
26213
24128
55997
90472
4905
95181
54888
43841
69055
13627
96928
13781
33375
11563
14077
41370
69267
20706
81211
36162
48596
22932
370
23904
60273
19386
95278
36349
86522
11690
59273
94457
27699
48004
74045
96460
57784
21785
26643
56349
88311
11813
90132
37471
65044
19443
72216
10353
88161
15508
58918
71427
86334
77141
76160
95657
52769
32059
27335
59350
5844
21477
50529
7995
90090
98951
7099
7705
13201
47256
79294
13075
17873
75301
62792
45038
86477
95157
32959
48501
82551
55589
36256
16807
26003
53295
49965
32361
43136
61567
36037
6573
63145
23228
50685
35263
64907
96927
33658
61224
1061
14201
71125
71534
99786
26827
76069
15672
9787
12273
99930
46114
34260
64762
54270
6269
78008
84926
57420
78486
91321
59835
84142
58196
98477
56257
52609
36516
21362
75920
39875
35048
34310
41462
5874
70919
23331
55112
47137
20747
41702
70624
64825
20527
12956
94021
99338
85373
21189
58203
49210
44872
73777
83207
79514
20721
70837
46297
81247
45918
51146
90268
78299
17914
28926
18081
56376
62117
32715
17785
49686
27753
29476
14890
58123
12255
17204
63417
24559
61359
11184
84095
85211
55339
52865
35848
92886
34126
14320
34163
76289
46423
28130
41362
97403
70317
64328
78837
56610
86736
38442
15774
73527
40349
86315
31302
59935
38127
77318
24779
60249
55028
38802
69944
62164
40433
94978
61878
89800
10710
27657
25685
57740
48233
35972
99327
83361
28864
39272
78351
35696
7823
98522
96351
4020
76300
4197
92860
32884
49756
86181
94657
57432
77728
98547
99688
84655
24861
27896
72813
82658
71422
7589
64631
5750
90878
3388
22342
13499
56607
74192
69021
4536
92815
27390
50919
37871
35572
83996
3425
37448
82795
84056
12875
73689
47379
86360
7885
65084
55029
91445
99452
81875
76392
53997
75523
76867
68599
12685
86159
11772
62602
20444
34761
79162
31038
51353
86356
65897
32058
90983
90658
94465
96822
22086
37783
40475
40301
41785
96481
65136
49220
3877
94327
5795
73774
16167
39694
52432
38144
20911
65357
41106
34541
21722
76420
13762
37308
41146
3703
13719
90087
60220
46738
96022
48668
3540
27644
59696
53544
77799
44484
94051
25046
19254
18372
80756
28102
34549
29232
5980
52521
18255
80687
1285
19907
35887
27437
6093
88148
69037
11321
79314
50986
37900
94317
80537
73082
70169
58491
80900
44635
44801
37732
26215
73406
33357
31335
55737
19365
89666
1845
77149
81992
95359
3437
81353
43771
75647
93746
78606
36003
86105
20103
22536
28970
30704
90801
94671
78966
60511
86830
62595
14923
4862
67288
80863
5424
2812
69195
50227
89951
80147
7339
83494
8961
75575
13004
7437
12911
18347
44218
46662
529
91826
47732
84878
81194
70833
37333
76532
80896
98502
31124
78608
62836
50024
20410
32567
32759
33382
38844
14950
59223
41350
54408
38786
59478
28771
26424
78540
14392
41755
98752
97642
70409
97638
89544
2
15614
29454
83802
79091
19359
31873
82029
23978
20181
55484
49797
24828
85514
94520
61638
44145
72501
3346
34966
97267
29233
59280
16460
97126
76262
90804
61175
70777
42165
11458
54945
9222
22726
48477
30296
7221
4648
9368
78717
63832
15875
44698
25980
22314
67975
2348
39117
18675
64067
7678
43145
33242
41583
26348
30745
48904
51373
80206
61281
64733
53175
83920
11554
1164
46176
23185
86059
84651
34101
64612
3988
77916
46371
39482
39061
13222
21492
11786
42283
47848
14634
29443
58145
74379
44305
98582
33065
36016
44589
88155
24840
74439
30292
6838
69752
89657
63478
76010
74773
90818
73034
84424
76329
75507
40830
98245
31948
13917
89598
91733
22953
32403
90035
77825
70196
76143
6453
90955
91953
63669
77528
26204
17485
58117
7548
33918
60900
29051
15219
84249
15701
67682
93074
93975
91217
58846
9329
64113
56965
97152
50339
78474
47417
23471
33037
57502
36433
25684
4137
54664
62686
73172
17202
73919
37709
48839
48415
49982
44307
67768
47430
29162
61563
82590
77061
10827
77458
81744
41046
81139
11534
84814
99647
74955
11121
16665
29952
88654
47990
35790
37241
22063
26485
30508
35894
66782
58539
11598
75769
43200
86409
70716
2359
87248
93516
62273
22038
34305
19693
57738
99958
40967
77515
46264
47875
66559
55079
79763
3788
29069
52483
44660
8430
93792
49307
29844
5663
3202
95368
57813
55705
91193
69385
58284
31372
34550
55678
87322
6454
88547
55178
42485
33880
4174
11653
37024
62438
68509
83978
89973
15124
22078
68196
48249
89525
83360
93076
55517
85708
47795
5563
87373
19689
7030
23487
54111
34980
79750
23080
2268
13987
39402
45137
24897
94679
56312
78378
71222
39997
41850
40738
52003
36152
10375
51653
14483
58481
24572
62209
65424
31553
48502
64833
22733
80245
45611
84132
39278
92382
34039
37331
26963
51412
40254
71348
23908
14055
41469
32676
90916
71622
36380
29383
11628
64844
97961
47172
23083
33194
56927
58362
57159
31677
74757
33499
32155
63516
67625
18927
24748
61980
36612
70371
15814
46420
99024
71675
93583
76460
49964
33008
29457
22227
8558
18541
64929
48759
98262
52059
88629
23098
64207
73906
22933
66150
57000
26587
80155
77146
13177
70665
58678
52172
29203
30285
76592
64087
17626
54570
30409
10293
17054
41222
45711
36710
29664
56651
93276
10587
55448
89580
29234
21291
92875
39445
25958
58470
26954
45083
8263
30474
90702
88250
7804
46346
24290
3922
73425
23988
10949
92318
52912
35334
80843
30478
61669
44152
74377
952
89131
40910
56772
72187
17277
87280
24081
99757
34083
31692
61387
17285
56538
75018
53349
70871
47047
94057
87583
97445
18378
80960
76052
4706
50288
31860
30855
93436
72907
40376
30991
24640
51799
22117
37229
51082
13015
26767
41988
5958
31744
79450
17115
5672
21554
75037
79905
17955
36644
20083
25262
32354
96386
84369
27658
75513
18938
88912
91546
25378
20537
3555
61684
11230
34159
28317
81332
13812
39881
18586
37015
81150
53649
76887
62251
22111
50755
30610
52618
98975
93061
17572
86702
62751
56140
1188
73336
43159
51436
23425
38751
79684
35725
14145
58280
42340
79995
48048
39484
11951
13851
62592
23419
71305
72847
99039
97994
39384
88717
19271
10321
21588
79681
69498
3323
19980
28122
86003
98957
98353
72694
2469
67276
65587
33503
74232
96092
21092
4132
70530
80178
99635
97081
51737
57594
44125
59809
45142
74579
48571
70906
31951
29379
79234
49600
94508
37152
78783
19373
7862
87512
12705
42345
93923
12564
38791
53990
88200
99377
14456
24826
38612
13836
54136
74906
32970
26196
47844
91787
52628
37940
92247
48545
12640
58349
39916
79773
79451
5848
52049
6548
63518
87455
76481
83235
30003
26494
94426
26926
68876
44611
37280
51300
48050
16425
34578
31749
35407
10260
96244
13310
12567
14638
72698
31781
54575
8796
35321
20905
32886
54143
92644
90624
84307
92085
49913
30786
27597
39570
12589
16600
58289
14847
94096
50954
76236
81356
45154
86020
72162
83489
79363
76879
90231
40160
46710
80663
72841
69221
48610
73225
2923
82490
7598
30863
27372
26155
30063
81729
81075
43183
10050
78804
17835
18652
15577
99726
7403
42879
49770
77489
77072
42754
22291
83770
63963
29281
85364
64427
60859
38115
43825
62029
49350
80501
11368
56389
70077
67946
92874
33513
62752
34826
82710
84713
14998
52259
15487
41293
37907
14797
44496
18676
96926
42085
64502
90319
39904
22269
96264
13388
76803
40831
69392
517
52368
82693
25692
45569
83435
89248
87212
88664
44596
7996
8720
93907
56622
37181
58124
60424
48197
25000
48463
79882
28292
21126
82135
68800
60003
55949
67406
15186
69012
86364
20449
33818
25568
73422
12914
15870
11981
53853
12017
97443
4426
20073
86637
2615
16625
41170
47507
28597
95081
91847
32133
73684
87731
63649
49754
213
75668
72929
19094
39864
12118
50706
21535
23664
21599
99550
59523
20381
13898
8363
94025
59901
76206
81634
34520
54506
22334
95824
41934
14495
93538
50745
54820
36921
29487
75522
35882
87127
48660
41034
14105
17093
62483
40468
55369
74059
86747
57155
45133
69669
59211
47723
55687
13433
22420
99703
99013
25902
20208
74113
90363
36926
42339
86585
37980
72194
56090
82273
10721
86080
71502
38235
51891
52487
23310
81926
77187
47022
80817
1535
18069
60480
63459
27646
27190
8650
26749
35658
19320
11107
48000
24678
44393
82230
68684
39222
5638
11204
36473
28174
41392
74756
9693
40303
9247
26191
2371
26639
57926
36944
83608
47229
9927
96983
46393
77985
95664
16865
4119
86977
59287
18680
91767
4736
73907
62808
53127
26557
80846
51170
76859
90387
94966
69967
78388
31653
59650
82006
24238
50608
46687
74921
89316
39801
94912
71584
12662
77864
39804
94764
21523
13253
39442
94600
23658
35403
10440
21361
57363
30442
44880
99947
77513
48831
95671
32447
81239
84469
93155
19838
49843
94574
46636
79132
64118
80779
80282
79295
64927
35081
39411
88091
47528
84706
14799
79797
42842
45172
51307
94411
33446
25227
8616
33886
91605
61284
75962
28561
26891
15820
14840
8901
49846
88283
49573
56103
65638
82318
36495
21051
95520
41502
53064
56379
69189
35837
31122
80965
18944
15882
57157
11079
93598
46890
62823
59989
59811
13121
23927
43074
86602
58128
1443
94837
15108
60259
75467
75026
24080
69924
37447
94469
32389
8277
28950
88329
9529
21445
49067
284
33649
89647
38757
36062
61642
94114
83882
93614
10742
89218
55300
77402
71651
73858
55800
75426
19018
6921
40231
37908
90160
31073
98634