42445
65121
45786
46395
29142
56367
17958
70190
51910
58997
68589
28805
97372
53008
93132
63692
12839
62563
81755
12212
31261
56506
97146
10863
33847
32316
82096
66466
86572
69741
52070
96596
67272
99091
3805
91796
12890
18924
39984
89710
82455
12018
8499
34815
81183
25469
34726
72523
71579
84244
68913
92293
21042
27175
88737
67752
58225
33318
33835
28342
75834
50207
13920
41949
53
56635
44456
5946
80008
99113
21425
56524
27376
59575
80062
55502
68730
29032
53671
4200
75669
45475
28297
79656
23379
18257
23203
4580
21596
54618
57221
73002
3064
88649
95784
94473
62351
8875
44870
85318
8193
63890
51018
72484
77000
8134
30893
69534
58294
90681
58617
2397
87187
86860
58344
84483
28518
22120
72427
25558
8769
83081
36341
98376
85746
59076
52229
83747
57005
78335
50107
56662
76865
87412
30882
15178
37849
14689
2182
96786
64689
26459
82563
29469
95153
65928
16626
80188
65595
32532
78210
42278
8437
51511
52340
44027
9918
26663
88588
99189
38918
15622
12837
93766
71941
33436
48634
31566
40754
36483
51158
16468
34073
44163
15159
99132
94566
25565
52336
73749
76049
96052
68383
71097
12758
30487
12687
46474
45006
17909
12793
39129
373
67142
40989
55513
16068
69643
99208
53431
91510
47421
39337
27403
12785
33724
94747
56303
40493
62590
8553
27094
99872
81007
9680
29610
71487
51509
33215
18690
42767
43557
88497
78625
29749
62418
14653
15310
56153
27924
59320
89518
91037
33897
48069
35380
79751
81093
20526
84075
10850
51770
82082
16945
2409
38677
20515
17255
18495
55485
38261
73814
35012
77954
69314
57790
22556
88402
18695
21952
75660
87207
23890
16664
4439
57263
84609
12128
25088
51802
73418
15131
67886
72432
67989
87589
27386
79217
89495
75066
33545
9809
25386
68809
40724
37045
60135
50863
31060
77622
86037
63279
97082
50215
73717
87769
97643
58972
79124
34624
17024
42707
32455
79016
62992
6258
82717
13743
85966
86874
17618
74236
13204
1096
31501
97570
84608
51295
63958
21843
19450
48371
6425
69079
5818
85463
94244
24163
45599
78678
23247
72033
60777
65295
90044
25377
65883
35976
90704
77419
1615
53856
94295
27454
28965
72963
9772
80242
2903
21105
64564
13633
87514
7523
20378
10788
58953
96467
45499
2135
57757
33423
91983
83969
89375
29212
58783
69140
72745
39657
98092
81562
25823
35130
83617
89935
96358
82955
98575
50267
93552
46536
84676
46787
76107
23124
79811
23001
55912
41635
65322
32730
10689
35420
89517
97008
48273
14783
11802
40904
65248
21443
97724
67453
52066
69339
57082
30538
35668
7956
80591
96420
89093
48753
20926
98947
80760
80416
76563
40298
54047
20324
29140
60946
60063
95295
78632
26558
50678
32476
51912
71662
75289
88297
98060
36563
57430
21066
77286
8928
60609
20579
85559
39834
6546
76026
91091
50943
57968
55206
41176
75760
19301
17126
34524
53773
66372
41522
85470
49113
18734
81602
10193
99658
34502
80770
63851
13725
68703
68793
34955
59008
72541
13510
23946
66738
68961
88354
81209
22817
50913
29076
8140
356
83275
51995
31767
75506
94230
40569
99244
58096
45979
49233
40212
82961
65538
7132
92332
131
81129
72431
36942
71093
4537
66430
74791
40171
22288
5463
28920
32586
9358
25502
34445
45644
49660
348
74806
85248
5523
62198
29900
58819
19618
27492
31031
48068
25632
89908
4477
24480
67934
63047
80576
61818
61861
30345
87026
91641
87974
71159
23448
44313
25896
65718
73086
74304
81181
70534
82990
82162
55868
17583
48746
20298
52143
30167
46832
57909
32722
1701
43701
40457
98264
75474
82556
13005
4581
17662
62554
36441
4296
84493
57069
47899
34553
39432
732
26297
77615
60860
59819
6335
42285
88092
73679
45498
76741
81102
58533
13991
46412
90334
34307
98208
55886
60757
88922
90515
42057
88581
4785
98464
20543
78731
81752
21855
38319
3235
41483
60769
31592
93863
33774
53301
90047
47509
52400
54552
53476
97174
81845
34899
80883
30192
26874
24954
55570
62483
39414
71037
32337
29944
23869
75569
82094
83965
24047
81800
56541
87012
3834
39619
83406
90523
82356
94237
1493
60111
2964
90357
60881
79944
72269
58276
14798
39364
94200
60798
48408
17483
50599
88850
63795
66155
3583
25670
97195
89524
79396
60690
1970
21167
27396
7830
30700
19872
7079
45295
11637
68518
95122
10119
43780
4633
37720
89584
56892
25227
74815
18783
54083
75052
65841
98167
24191
47151
43268
48435
57385
20429
20765
30096
56751
82764
60234
86905
44632
5213
60858
37524
988
79922
16247
4176
34979
24069
44911
6022
4327
19140
59783
1734
76539
72844
98817
95168
87469
17883
74522
23511
67691
66263
25506
67085
79955
78995
21800
97504
20954
54367
55784
3224
85440
94988
85452
96796
55560
78414
3293
87624
34136
91976
79117
35730
92329
40465
52928
50030
60535
47893
41297
31448
87881
2757
41093
6389
22636
6009
78762
58056
75454
47524
19259
92891
50556
85763
54045
56184
90552
6959
91774
50459
35006
43311
98606
99522
44448
93282
27132
42849
8423
72891
81145
34716
28145
99715
69644
30956
25075
12421
41419
87909
40957
25408
53090
44102
30733
61596
20312
48732
56105
37306
49250
13704
75673
98598
22549
42647
77189
32306
52019
45768
31061
46422
82064
49809
24569
93855
21346
53955
36070
85903
47634
72174
56679
95388
38897
95364
60171
13949
99830
35532
11528
1141
87049
91107
19467
13957
72106
69567
22345
39544
36101
76713
10062
82975
50342
57171
31338
32046
6873
32878
99788
31993
40622
52050
11600
83310
71990
52616
39606
42358
98211
17351
91884
17385
35088
68477
58482
3458
17695
87371
99630
16620
83190
52721
4669
2209
32443
13827
68201
14974
56275
75965
54099
74506
25919
50647
85169
29799
89361
50263
74831
54946
90904
75933
52559
93903
21748
60125
16890
32110
21303
35313
80259
63180
8075
66541
95445
61520
4700
42874
70144
92041
8843
76318
31927
26060
42573
50268
31756
57122
20660
60334
86450
76671
63369
20928
30691
91356
99011
23914
57971
30394
26469
86967
93298
99875
32718
87246
94006
78888
29052
88296
123
95621
12115
34404
50256
32935
40668
86140
66067
63449
94453
98781
94365
50833
25008
15417
82440
66804
84196
85907
84788
55185
57585
95106
50834
21819
54672
49789
69654
96011
42124
66434
19601
57267
56287
94167
51477
84398
78359
80634
32007
95738
22719
69113
72299
16725
11154
94707
72830
5008
45741
12729
56414
21609
59664
1831
34187
45126
15620
20467
38020
61647
13335
50779
3736
19277
59117
6289
85110
72022
30045
88295
38321
50412
52191
78531
68231
57138
22338
46003
55552
27385
3644
30356
17579
35052
9181
74375
63811
46545
66148
14797
13657
13424
40248
21994
22791
8162
11089
90937
47925
81303
60541
72501
66794
86181
66402
96960
5336
88991
3002
64641
52161
25539
71422
56211
91859
82845
39880
87444
79105
51842
32313
11554
92815
18053
97869
29969
26950
86589
87763
90241
46550
27919
88523
45380
84530
85492
6957
25888
37291
30404
4447
16569
5905
45535
23415
22115
26101
58068
48785
47404
84598
58024
4427
59598
84288
37248
26261
5531
39635
10802
98733
55737
49970
44072
51996
5386
34745
50687
90421
6026
36016
21387
39694
83996
17537
48317
74770
55694
7019
71445
65274
97592
64531
19638
82404
25797
20529
78966
80900
65087
412
62441
62443
47433
20581
92452
18764
49705
6245
4334
30207
47002
37471
41420
92686
30685
36151
77548
48386
81090
66742
73573
51347
70708
50544
49358
41999
54945
73434
11690
56999
42780
58965
14320
28854
16107
68278
19749
57824
34126
86199
53291
26203
6160
73628
44383
55458
54762
73845
4726
8417
54724
7781
68081
35393
66409
37356
3437
96351
3021
1571
5650
39390
93405
41824
97153
55596
3877
7835
31982
28053
79681
70106
29765
32498
74624
20903
12765
96074
93990
4023
82831
66551
44487
38127
35572
76025
29443
46387
22342
71534
26682
2206
95589
99770
29213
6667
88618
12321
93938
51954
66200
6736
89231
31625
92524
65798
78313
32004
75925
38442
79059
36260
10596
98604
68366
32745
89163
64151
1285
52760
32609
25961
32822
27728
25108
87117
26371
51841
10903
24218
72866
44796
62731
64762
62402
21420
53263
91321
49737
94690
13800
89152
36216
92574
61139
37871
31148
1845
87188
91536
76867
83833
21248
31334
58670
63000
64963
41569
81686
39025
96353
16292
34412
71092
45986
81211
58077
32678
96835
92062
33375
84312
97209
18372
75342
95979
33382
63558
14248
39272
96281
56924
72334
17097
89035
35725
59834
15908
73997
58692
85819
62304
84582
46528
95788
84730
15327
39673
78428
13880
76086
87038
73103
64901
86105
14684
42903
24044
97334
59149
8250
76984
86595
36888
57370
67699
9702
66559
47545
50227
66873
70317
26248
14008
2300
75204
97916
52413
11275
95278
21803
93710
86411
62459
37043
18408
78645
74736
85767
72770
85086
3038
7607
5836
10740
39312
26204
12249
14572
90157
53622
38935
21397
20051
81944
82654
76973
84593
69146
66190
29928
96817
10334
61095
13697
53186
94021
22932
26243
72873
73898
52786
1268
77623
77937
99318
40301
95565
14971
88129
15651
25460
96054
57740
3025
91569
85181
1041
37825
20621
8179
52855
54270
61374
61878
18973
86356
26769
14445
35037
84907
23334
62074
6765
51775
17460
45634
91499
61225
53811
47149
272
98755
33789
70474
31420
26977
94168
38025
70777
26931
4180
66750
51259
13201
91266
39233
88368
8293
55327
24897
38145
88040
10162
11127
21810
49650
56456
24157
38072
74233
21828
73917
4604
29719
36096
18228
7107
84286
84926
37593
96548
4099
48852
51886
2935
61373
38734
96637
70406
94657
86477
58768
96908
56965
25641
18601
7391
21723
98665
95497
84518
69590
45515
36931
98245
39727
39705
22194
45396
24807
2775
36037
57823
15073
83606
82627
55967
88249
49165
70585
42069
93341
64964
56433
92735
42455
37732
67809
74069
80168
41046
55589
14539
85215
46266
40951
40682
69253
69137
11458
38802
49965
7364
93604
67260
27464
43181
78519
41997
31063
70321
91329
88358
84639
60411
61038
85880
74563
66310
26420
58898
42901
2514
28372
4402
75659
37284
24874
68952
88148
2930
96927
81992
62986
46114
58307
7690
74598
69286
48482
89352
50097
59751
27561
59222
70624
96605
422
93126
39857
70449
60918
7823
9734
80756
66637
96299
3703
10001
40219
73092
48563
64211
8912
7678
45038
13217
43699
25836
60736
71346
16433
59071
16272
8578
43114
83370
44941
62352
55997
90600
52521
9222
89288
48249
90292
30966
91917
92594
80430
46738
47856
43855
98773
73356
80491
75688
99321
52098
16905
87152
99930
54888
94051
42136
24965
81247
88172
74065
57979
85464
52486
13209
64161
59947
9314
78669
97141
10373
12054
9787
14890
80871
98341
95778
44524
9270
38480
66227
68307
50986
60625
9536
97676
5105
62768
85151
15707
19397
32733
59093
53993
76196
85970
9088
41307
33831
89489
80
151
57754
94909
63232
11590
50740
28556
42288
20895
68839
45543
99452
74118
3581
5891
29676
89327
77853
51569
97078
86830
74955
81915
92731
10698
53305
61175
35768
26388
11210
57504
23281
86315
70962
32207
10238
5248
53329
51358
56376
37465
82946
61090
40738
46600
89388
24947
23688
54495
17972
75710
87183
94834
94669
575
65357
96114
96367
90404
31549
57637
15641
82031
51497
96928
74055
41087
29103
2356
43491
64907
4905
57099
64622
44849
93446
82040
15356
50345
71535
23971
23661
83180
56742
31480
52549
82261
15721
21660
82547
42371
52142
31226
4408
66826
87649
58002
24114
30402
70005
13780
70716
43971
69632
40577
1138
69251
48883
73689
4805
73859
66443
11091
64203
97976
87315
50493
99958
17463
24436
5121
35972
74315
96026
62501
89906
36865
72965
58202
36034
236
78008
3929
19078
11184
98523
48799
99327
39881
7651
33631
60220
96827
14063
46557
84591
77141
13321
42730
23013
73502
43448
78303
79145
80655
77731
37029
76329
88752
60763
34981
47256
37821
50235
86272
55676
86736
26609
85754
47516
93291
91896
49210
77799
30014
39278
1413
70114
26541
71316
91462
61807
76300
26778
84291
28022
78437
99786
54943
32825
84416
87637
86330
90804
82739
70917
58094
86708
63846
87190
73966
46284
48551
20943
73827
96067
85141
49095
24322
48157
70839
86360
6609
86289
91633
17381
28175
89430
9551
95181
38659
17204
804
64507
53164
57524
95737
16464
44203
22828
97716
34054
58187
11062
27925
46263
88525
7534
72706
62128
46513
30620
15951
63422
12979
17588
33503
14426
54651
8050
62836
30170
80177
46127
79348
624
76420
55705
23820
3105
78771
62164
54559
82784
54135
51550
45210
74902
41327
50810
89942
43898
83913
74757
79314
36229
17294
42893
99942
20103
58647
35242
2937
77130
81875
75134
38289
93153
82205
33433
69122
38546
61230
20433
46105
79393
83360
66369
19448
97126
73947
37175
47795
97403
27657
54576
3883
85351
30084
51516
69296
52080
96514
92486
13708
7164
35289
42747
98406
10418
56607
72209
26945
44927
79212
61567
34305
10069
31281
6876
1814
38157
20238
59214
30881
1733
17808
82836
62575
32397
24237
20747
2877
821
65257
31177
63755
15989
41482
81070
43569
30106
26988
62127
2164
31834
36916
30299
19735
65621
13004
61831
36468
34978
87529
74540
35790
69706
39446
98099
90278
96959
27699
21318
16726
59877
42289
86334
56810
92969
94352
8465
19300
94830
71032
76817
68760
51418
82029
1955
52406
87221
16658
80675
33174
6322
66676
36558
55066
6761
87764
26729
81076
90888
78286
40578
27702
10368
79475
39949
79979
34017
79664
1898
40411
22478
86428
86652
46246
55781
7969
71910
81641
17509
92971
9739
53336
72356
98332
90407
33957
80072
43210
98443
55620
5101
45406
58112
42562
3661
35945
15253
66503
87736
80267
40425
74776
13292
43442
12233
76271
46849
68525
67621
99268
51371
91669
3523
49946
26867
48202
46879
39850
32481
82363
10372
57731
53421
10659
38411
79136
40546
28540
62469
7141
10588
69046
77240
39043
86189
71041
23241
39669
74161
53191
91855
64217
6514
40641
60118
17049
79373
79172
78044
72256
86775
64708
45328
43476
31095
14999
74468
17061
44841
15666
82293
29241
9237
87735
1509
12655
60126
54300
8567
26001
42758
23954
13140
79546
40417
4096
89177
32016
15335
70784
16765
79701
12344
41043
18291
90233
58739
45023
34969
60122
77972
16324
31967
74312
77330
43152
83815
82153
4169
62051
62950
17606
76293
87007
25301
73706
75882
12002
94955
36593
27936
65859
64426
54338
22286
70619
95673
82145
96444
14043
95625
62516
28763
77775
26324
97277
83140
65801
85231
27378
22308
21437
39786
77823
76337
42380
75062
17394
76257
25585
56340
65085
26157
48640
37190
74674
82522
71555
39847
63419
86826
39223
5267
62644
2662
85497
22106
72711
79844
27262
2031
3714
54468
57343
74159
4386
13170
44267
15422
37970
6092
77477
42722
43145
68275
24555
59482
70748
62837
35928
59703
98655
2219
79716
48025
38086
11631
15031
42677
23591
73423
56505
74611
73227
83887
4342
94239
89927
7753
43076
89746
40341
39912
88510
74101
61551
67717
55259
36702
41930
90075
11698
37507
49581
47203
40178
76893
26279
18158
44837
83533
59019
87951
20138
10281
30867
36011
82097
73646
71771
87492
30908
23983
93301
78565
88824
85426
59623
22250
61114
58460
10164
65400
72914
27264
71142
51888
84128
55626
9120
66764
79655
68247
24581
11646
9616
13203
35040
87734
85099
2967
12088
90748
3207
11870
61192
30920
38621
86367
23242
29315
71942
90260
89601
43266
24963
2279
92523
69045
79515
70704
18268
90006
7675
47993
37868
93323
99507
2414
8697
68980
41766
55385
61423
30337
9697
43599
11030
88747
61816
5867
91906
44501
80507
92655
75971
53654
55836
35574
27103
336
65444
77974
17988
82388
89870
64599
72621
29559
36007
99207
99624
12639
22123
27255
48385
1439
1667
54249
51017
38229
10465
50880
48620
36767
7648
19296
15468
44155
533
65900
22703
8679
20719
321
10542
39036
91077
21805
24621
67239
64368
33012
21349
42897
14064
3667
82704
42763
11395
98955
49478
76177
86512
52813
29020
16561
92363
25336
87233
27899
31653
93165
17067
33146
24090
40317
45322
98946
35295
29077
14747
96025
75095
39810
27025
11544
4640
72343
79981
26508
23786
19480
58879
88229
45183
51368
2211
10680
95936
1981
44129
34895
35927
58452
95431
87384
70181
27441
37746
89742
79787
37760
92473
45138
81708
29533
73875
32042
3842
66366
20140
94413
41527
7775
20415
96684
98750
71653
57783
8322
62479
13299
35167
9858
1754
95660
98699
5554
26284
91085
33166
38201
37554
59720
61625
10488
55125
221
98714
1202
30522
75916
24938
33716
29590
6930
7096
44416
8400
46831
91243
25824
62688
55766
79813
10452
6799
24705
26906
18502
63056
29864
397
2324
86494
73047
31029
44659
42437
94492
64774
25045
85616
824
95347
35508
37663
31062
98096
41887
26910
69837
76555
70567
47983
5813
9376
29259
72064
54887
14848
9606
52787
83295
2522
44570
20587
77999
51660
8448
21882
41077
96477
39157
12028
76375
15907
37694
57721
74496
66166
3354
52852
99484
43609
34609
77754
79275
16212
98686
77947
79284
11566
65998
68526
57400
28313
97891
17874
3509
22344
47981
45378
22313
10420
75535
96270
47811
61207
78137
85976
14061
94016
47482
80635
71889
96038
20909
1126
82235
23000
27910
90839
41640
64162
81153
28751
34438
97796
79160
10404
8119
74037
62749
66830
20001
46791
35930
14551
64097
54368
98671
26551
98545
50692
4533
44223
98388
3423
50017
79057
68810
35046
46581
20252
11954
46216
20079
90724
99607
43452
30821
98147
89733
7080
75654
29160
51967
12583
70637
12191
49877
1016
18685
82010
88963
56599
56898
18031
48454
1339
21269
95119
72761
8300
13998
55126
81888
91730
44984
37244
64361
66142
29174
44737
84686
54308
87216
949
67797
46595
11075
67551
19278
10145
85207
41276
44761
72230
54397
79202
37891
7749
9024
56857
80887
48990
28708
58155
90204
95297
23495
15476
162
30506
1345
4255
54624
34941
55504
97076
13653
24967
74737
89959
76624
6556
12617
33660
27842
46598
24894
9996
96664
92766
43613
2748
74764
83732
39003
1027
59445
94163
54020
94066
35188
2784
312
70162
435
79455
58411
7138
7725
84385
65509
75961
66143
78691
66651
79317
62367
48795
50405
19454
57804
72091
43143
56059
60416
92668
24825
44227
53260
98289
85055
6978
76919
58705
71841
64096
66579
77281
11746
10972
88808
62969
97834
76724
16752
14711
81001
76804
55143
89061
90
39320
16652
56124
97207
90193
11082
22705
98460
5800
16886
79101
85328
81646
53475
8707
20187
58224
49599
27770
11053
74311
64992
15782
27362
76488
98666
15538
79420
4501
2453
47536
76506
4155
30117
59926
44117
84508
73916
77275
28564
20100
36176
6932
83626
12228
61662
39994
79809
72601
54821
85959
65840
2791
92300
40386
75912
92714
884
99723
57629
6637
99172
18573
97105
99431
66679
92100
15341
45064
1148
51568
85641
10106
14479
42752
89074
72175
34912
94588
4655
64349
59528
28515
98303
83244
2551
77928
86538
64416
41182
74204
18624
232
10657
642
67697
45804
26747
47614
48828
32843
37536
74839
20738
53039
73162
51450
94344
72418
60136
14046
82457
91293
29660
25380
71983
70841
90218
49975
51966
67784
31116
64733
66489
35874
37956
55417
76807
27755
27745
12620
62144
31162
29245
82575
92367
86526
70892
66524
45550
82401
37461
51795
29601
14078
88825
82713
1143
13077
94826
90026
47290
32767
85561
73933
4699
82545
61233
70331
30272
85259
56231
97627
7366
23616
90719
57892
4346
88592
27882
61643
33378
62838
54182
26177
77661
46805
71814
45115
99417
19293
79753
69143
89724
92785
37795
91470
36372
86784
19913
99856
34032
3014
159
44884
55715
34733
77886
90687
21175
71806
12137
87218
72682
93543
33101
56691
50335
83401
93904
8233
52930
84467
46974
53609
77172
47715
44850
21308
60264
79855
19295
32025
7917
745
31818
52181
97004
71828
48261
5764
66611
63383
24482
54284
59965
54179
18837
59441
18236
72006
74147
38811
2547
21276
30584
97248
88499
69052
49940
89310
85159
88369
11419
9049
36367
24091
41010
87932
73290
7008
95890
8670
30978
54791
55684
69938
46064
93571
67156
23826
84703
63992
83397
26317
55510
8910
50419
52040
93503
2378
79803
90819
32142
87414
55371
18816
63348
16575
61256
45349
989
26875
73224
54806
40257
32978
70398
76608
85077
19661
62456
11958
82463
51109
74544
45554
61108
101
48896
74685
93654
37475
6416
14239
24040
80058
28830
19776
75548
92990
21822
16183
12790
43962
60781
13470
93401
60549
11869
21629
15711
39627
46139
76197
20655
17697
66592
73075
26217
86511
34999
55130
72048
72587
74762
75845
60117
64829
63020
11012
99026
4064
51909
16535
23529
94018
16730
47849
94438
94800
81919
18216
49118
37968
69884
77201
43654
26115
55139
50821
13384
12613
59818
27807
47669
217
61941
40126
44945
51902
22241
63151
3730
43045
39963
71088
26003
32710
76990
22934
43753
35074
92935
2383
47052
36072
78367
34850
6650
65569
29786
69766
91202
39118
21352
40763
58644
75061
794
2048
50902
10356
14035
36471
20775
26481
99693
83922
89190
51713
15995
10666
36574
48422
69378
76063
77102
73027
37342
40422
37811
55654
17766
72895
82761
19014
98053
10636
61333
4077
5545
87295
16127
67843
43796
10551
38436
45972
25276
13937
38635
59923
87828
59798
89814
55505
64509
6585
93060
94435
78063
51486
37214
621
53695
43823
52002
52573
47800
67182
86177
84265
91969
22978
1179
58445
67438
90252
55375
80752
99264
56837
98426
92864
19224
77912
79679
6826
17441
41861
4053
49325
65273
18188
17917
91058
76284
83106
96046
77283
61055
42040
43810
8071
23219
34713
33884
90925
57850
34430
85420
81583
4874
18557
60419
69073
35259
13974
77739
10587
57402
87467
95194
90528
99470
68305
12428
97308
60668
73022
89044
68123
5150
59724
48015
44202
56457
54259
24747
55415
727
64880
11765
44213
64500
30293
43344
88840
63070
20890
84548
86705
90909
92782
53913
58728
23709
16523
56365
78615
99019
81935
88798
8213
59106
85723
68312
41058
75041
83308
44656
84536
31049
9216
79279
96867
83879
68194
26545
91033
31807
51445
52651
61455
76789
80895
24597
35014
54658
86890
89659
16830
42237
85481
24221
42280
46903
37352
11180
2072
53610
92830
89860
27472
3375
78931
70295
48934
58812
46144
2269
80376
48957
4267
82587
49878
48345
47957
12490
68450
55096
78002
98797
53783
13866
29128
95309
75717
40898
43800
72160
72890
77955
4868
1763
24709
8371
58740
97097
13733
51319
16856
70116
7002
16961
58557
43553
98287
78342
13647
598
2385
9447
18640
47487
21383
19344
85029
26879
78694
82390
7525
26086
39709
51919
53749
14907
3204
93156
11235
39041
42909
42191
65255
597
22210
27825
66482
98409
7475
31376
96362
86070
46312
27688
9289
73540
11296
23051
10417
67858
86282
95514
39123
87802
43518
33943
57868
47956
18096
69608
49082
26229
59184
43436
3192
61771
2763
36903
86591
56585
35607
35402
63330
59519
41369
70202
14897
67361
12443
22537
79517
94024
67988
91466
54152
1833
5639
26378
87389
59549
51545
84704
24034
77602
11225
39410
4438
14654
3840
86579
74110
51390
63399
92239
56076
16225
44665
98976
33093
37421
80570
49347
93892
32524
30602
94900
53400
43639
49070
73577
33626
45696
20402
96891
89126
11744
15126
5977
15170
4009
57339
24039
5337
48451
7941
81452
54499
103
63613
52106
83997
70497
72780
67822
61866
77832
94111
80097
75317
52626
27366
39011
58041
51851
45542
65183
39293
56918
71204
97307
4191
21702
6950
47465
9692
44430
3349
3822
69345
75132
85982
31836
23131
56225
67727
28735
11194
60037
75647
98758
64156
14379
86443
38280
75776
68877
1106
946
98179
29847
92131
10382
15488
30301
49935
49717
98383
3777
75582
75768
21841
46061
58357
11043
85154
43704
98226
82475
13672
71334
92671
25223
1801
94056
11362
24568
51466
54661
917
79689
32069
49838
43868
72578
12299
41269
48225
59298
26773
32220
37854
70848
64695
53364
76397
13589
31200
47019
22130
83304
96564
37830
72617
18869
95051
31459
20717
67982
91121
12669
23207
54081
26782
30707
88293
3710
77127
51797
51733
37328
19459
58131
20904
30782
3508
95439
93308
40413
48961
95177
87688
98667
15369
90712
2015
29180
98206
49222
4160
25923
32394
47090
1680
77134
51111
81874
92644
62395
64931
29353
72186
92196
25915
66678
58260
39284
84229
71074
56767
2893
93680
24889
73638
68969
8245
75276
73528
32
35036
79071
68734
86611
48420
76090
60673
92330
44320
6615
42684
63545
3180
79925
39887
1514
57107
46810
81025
28922
10929
31798
54816
18278
80589
94138
69923
29865
2516
45043
84993
97935
79330
67456
66158
26941
16361
94084
47642
19374
4632
55810
26869
34737
77840
76856
108
43172
54418
13343
42259
17406
33083
47014
45973
80813
38198
95845
12549
39770
25366
69966
39397
8102
73892
72718
75093
14214
88121
74698
47687
75298
93981
56422
85820
56343
55086
60148
78813
76953
64050
8299
79260
53788
39096
13978
43597
21958
36584
95577
77648
43473
66670
30621
15898
26839
39377
4567
40082
15672
28060
69793
46055
72554
6877
40647
7057
94387
89005
64536
76399
78269
30080
27259
14894
51835
85669
41891
63442
93458
38658
39798
86192
24232
55313
59318
69295
3879
63625
42225
41471
99984
60969
68860
51766
18704
6512
47011
97556
86188
84835
27968
32692
25665
92923
18137
51100
52292
58436
12010
8368
99742
38691
43099
59742
89333
52105
25341
99360
52118
32052
1422
2839
28346
26197
5943
3327
8374
46164
77814
61779
84961
45906
7799
75951
12700
25084
53399
86840
93032
27286
96330
76549
14543
84296
40672
3303
53698
73129
99487
37245
54423
10955
73789
92122
86317
30886
15090
69826
6189
23744
34474
19904
70737
96016
99100
84956
60704
70045
94395
55703
13356
52234
75546
11615
98585
65363
27302
31618
85967
20152
24639
68804
24326
5052
14062
29514
18001
86053
50307
90933
7707
31874
69263
51440
58891
93437
81369
39749
72798
81017
61925
74908
61965
70133
37974
82432
49000
78491
81367
34878
86904
7971
41398
96659
68103
58278
16902
60883
85382
58857
39839
62031
36346
71871
31483
15704
64266
61168
28192
20961
35723
43941
99601
94109
69372
3786
53877
19321
72675
22576
31654
50683
71193
28836
5073
44277
27521
50371
63444
2851
60303
76211
83099
53459
29070
95354
53506
60593
54337
69621
10789
53277
18002
73506
77175
82320
63560
66977
67315
50597
38624
9340
69417
51617
36373
86098
45421
18852
25826
78716
75299
83718
75922
25151
76321
33140
84078
18320
23783
32029
2308
15519
87154
38761
7453
67952
34880
77805
69771
70885
46548
7822
66333
11376
17320
84026
81816
63641
75417
7413
69054
14382
1901
42691
42803
87884
73821
53038
36060
52185
60647
20000
1505
9098
82632
20110
71799
71561
41856
68567
38371
91590
64503
20268
53881
95684
95706
76743
76878
96194
99227
94829
77422
97847
57656
70710
95001
35546
36765
7050
58859
28298
21089
6290
27760
42269
37951
23772
48737
37711
27902
11536
34127
4279
45057
46519
25198
94383
96881
84174
54011
80738
81366
2762
55196
5466
64036
52381
42411
58519
55594
10708
76175
75841
55295
81150
21701
61472
76931
29543
20293
54184
14167
98921
97467
71441
39867
20995
38464
45869
17826
40101
99251
76394
21699
61895
40956
13008
17761
4345
22785
8639
4389
94025
42336
54359
22444
54015
79030
65237
5656
89302
60815
10573
2249
89336
97498
95902
3925
20159
2166
81067
56135
74394
53980
27490
71643
19433
75795
5602
15405
67864
42904
48846
75489
77760
97200
26886
46156
55376
10436
21131
3361
59612
8610
96992
28692
7660
58230
17772
9875
68975
69102
29125
44018
55496
89323
26665
21733
89848
57161
46308
93905
30094
16404
66468
23944
72620
16280
66194
99426
72441
33239
15981
44289
6131
48012
84314
23154
55775
17124
81763
17184
69596
5403
85709
44121
59985
12357
91497
58904
84708
34346
33927
42917
30428
51657
9178
46332
15155
70177
40514
60830
42232
25446
54048
96985
51935
88161
37754
94460
88083
10902
20690
1744
66784
8372
25244
3351
44507
55178
60342
42494
80157
62987
64477
8469
33890
45846
38385
82471
65976
33303
74392
2677
1151
30064
70275
76769
80081
94838
86991
37623
57379
91838
73174
24918
544
66316
28105
45958
69323
50826
60868
7821
55430
73040
38997
90781
59823
37670
94748
13868
52636
19418
12573
3343
43066
26109
93982
97776
24695
34067
28969
86948
45052
21538
22248
21537
84973
78275
70587
8586
27749
64957
26496
74513
76683
33286
33856
41673
31926
17795
45576
75796
70268
13598
95894
37146
22081
17034
39137
91662
64812
41786
20231
37448
36530
94256
36368
2753
38881
15003
93055
26256
14122
97250
48791
37897
7358
80133
15928
55524
27664
35303
1328
72953
61590
87225
13294
51627
63999
81906
68242
7145
40400
65220
99558
78846
21072
43534
4526
85915
68685
67759
56706
15926
59312
84045
92214
26683
58201
586
75046
41069
14920
68699
5418
44283
81848
67680
12560
11397
31496
36832
41215
64055
56805
94593
9777
12723
45
47847
11460
31030
35766
81625
38602
7831
42750
37986
40768
52762
15380
25983
93518
72446
2626
67877
20907
40506
91205
79103
86667
33357
22829
29168
99396
23644
75551
2590
90692
72179
78043
28778
33411
71133
46886
22508
65184
34064
10516
49219
48154
765
61243
31018
29296
77563
14473
99874
25430
12053
44041
8966
68285
70237
90465
79211
73765
56377
73225
53916
54768
8172
26653
23420
47417
48981
34137
54656
43402
28800
92458
65267
63371
48716
14816
70788
48306
22502
99668
98229
62963
24946
85997
60154
34382
88813
14307
23815
8809
29910
27274
65431
52660
54104
97824
48341
69570
11565
37791
90455
71335
20852
27285
20626
75745
4316
48818
18398
62203
64459
47728
4853
64414
94375
6601
81685
41216
26387
42239
6809
48921
63640
46020
71443
1943
13963
29770
7
53606
64770
92688
28749
17720
31631
68615
24769
66538
37261
35125
1042
68196
71429
97309
7341
65188
44306
10375
41642
79530
37553
50066
39748
80957
73707
7061
1061
84688
69404
3951
51182
61530
57975
61447
85506
34749
9726
12745
69358
48856
17659
75990
54747
78422
50835
11028
85245
52146
36626
33281
77021
9391
11297
49786
50769
89248
57220
85775
46204
70353
4611
16310
45513
2291
71482
92098
39973
64638
10329
83422
34593
9630
26143
98720
6127
74903
62702
4764
32356
50818
13538
94932
45783
56332
56437
51500
44149
20521
1839
5455
49362
74426
8833
82285
54784
16791
45598
48049
8412
77636
28413
66946
61531
76237
85604
49787
89627
95331
1840
29322
28664
97197
5152
98275
58543
83564
3935
33589
68904
30687
98027
90771
21043
78356
82295
77825
34633
76069
16403
83211
15660
77068
86438
35905
3412
54505
72227
27931
36730
69278
30828
40303
93882
82450
36936
64053
38726
24329
96357
19782
59668
29037
10626
35300
91161
16058
87588
94311
96714
75866
93683
92281
11340
66346
44314
36717
3540
15592
64575
72127
67722
90280
12420
90450
86278
24656
95735
13845
87817
94388
8178
80481
57533
92507
18849
65554
57078
33763
55609
47944
32715
40004
27280
65036
26546
87660
71527
42978
51006
35653
29403
17823
5188
43629
38293
44873
52007
82034
577
4943
72544
36487
49623
50925
73110
85275
14236
37775
27694
65319
11470
48024
59051
72611
9479
54340
5309
65550
86580
63753
36590
51041
40132
82711
96803
60546
80004
48359
15187
77851
91614
5672
53897
13439
6790
94350
31817
91577
62071
85904
4518
69385
13570
71266
41067
48362
83539
33585
95384
87773
36924
63307
64743
39345
17491
20566
97844
70856
73512
51923
75534
12419
72277
2091
53734
91784
34206
86093
16348
30801
68772
93023
33000
85818
88073
30490
46874
62540
68707
60085
79534
60719
89053
25935
64388
8402
10608
83181
36899
77979
47528
42725
67659
13896
48146
70683
9462
39789
36759
53437
53412
25157
48284
39072
19888
38168
3993
8093
58798
20547
81429
22970
38507
26071
68821
85921
21757
92982
93180
91136
93343
29412
4837
17632
91919
4738
52277
13602
34463
78681
76362
97103
34710
89582
92050
35489
22048
19628
99932
85270
92171
30587
4913
81853
17286
19355
38557
37911
81352
32253
26618
99177
98378
63859
23726
31873
76676
95105
46485
8271
88299
99720
33458
57703
16818
38879
93536
17307
80515
38005
35775
91296
83632
85229
86485
90242
75177
65152
71867
14581
81950
30787
10973
12446
99590
18434
94047
25337
28492
45332
18200
13888
70200
8321
33489
23394
8524
99074
5182
15963
74587
73588
50212
40515
60088
73272
77768
28934
83174
57172
61176
93655
26644
4698
26901
75730
84241
1934
84641
20222
17328
89843
49129
42184
54394
8507
35095
91731
38629
42133
93119
66723
3216
22922
50373
39797
84960
94327
81508
5075
92529
79423
11479
90661
47266
57057
57363
91687
24646
89844
4400
22624
49295
89581
32155
62874
79770
76511
46728
47338
42144
97956
82852
95636
46978
72783
16106
71420
7362
78869
4488
81368
78396
67403
97997
86476
85088
95350
29776
89436
99216
89492
88933
70129
34299
2900
2908
75749
66448
44444
89304
44193
7980
24003
42351
89802
90813
51375
86198
62222
95400
32073
31742
86155
81188
66390
62988
23582
49430
55800
63518
7182
17979
63211
61945
88023
86118
595
6838
6338
70017
59950
90505
8671
35617
6846
2756
98405
75746
8747
31972
87699
3075
6476
91951
36914
51869
13194
50456
3084
72322
59083
77734
83990
84610
19839
64224
92269
56128
8328
27173
5511
49755
12910
14179
88534
36492
15487
2338
23147
38177
84784
81289
59180
96101
82951
10609
94193
59773
34478
53917
34639
63689
72854
63629
13898
62739
2307
29535
40716
42595
48147
68547
67444
85647
46134
33688
63802
76965
27004
48782
29949
18248
20208
66299
97449
96317
264
73384
44710
52084
11893
41645
69420
66431
57635
11424
27247
42715
42440
9231
91992
2217
41458
54404
10063
22725
7268
52851
9580
81056
1003
69197
47506
84278
9206
47283
74322
7891
84167
66929
58159
61505
44239
78230
8427
67326
16173
97157
83565
21956
10993
55974
7462
41693
95593
5662
95245
79634
61308
61875
54515
9993
12107
50183
35235
34860
97584
29608
44228
95442
60272
85744
69306
29742
20845
34560
8034
24630
93474
88665
86779
56964
80682
10048
4107
91792
32906
37979
67467
93613
25841
58602
92898
5991
6119
66205
57962
41315
33919
34120
54841
78601
90008
19737
44980
37115
88377
9700
46924
31507
71274
60457
88227
27578
9724
63355
21313
59870
80257
46313
48162
97356
79892
98034
98392
3461
56950
98449
72999
23024
697
35789
50091
12351
23880
8647
44498
72139
4657
55866
39523
48473
81582
47580
25829
46511
49781
30074
86076
30603
66487
51102
75406
52508
67642
64166
87453
68658
43881
34523
36898
71070
57863
29511
35680
52754
68835
37736
77064
58263
57389
65402
8182
39908
74673
74033
7110
13819
92822
46970
5439
9497
69514
40302
98624
76547
60540
23975
80931
82956
47021
90270
31174
85585
51449
6690
79828
55666
77156
87177
64804
53600
78145
95528
47460
11779
17904
41963
67176
35204
44528
45560
33
20442
81016
89940
48860
46378
29888
45689
97528
61886
54497
68607
35161
72759
44393
56597
55872
38702
71185
35950
53253
88533
69315
39467
44707
60561
45975
94591
27246
23270
78859
31960
10826
32590
37035
16339
90538
84646
74283
9526
41022
66529
45901
80263
76052
95844
65778
96644
39779
45506
57522
72565
24213
13158
6731
96370
44762
84696
70124
51297
38871
17173
35133
33414
1309
67525
49778
86794
65923
74213
25034
50992
85155
58448
96524
34227
96634
76651
55173
92572
11771
68413
70700
61071
57945
29422
91857
80513
15070
59485
35984
45190
79111
75412
80119
2183
37566
50630
1428
52024
19821
36062
11273
35892
66050
21632
99611
56195
5892
99592
90440
64914
84658
87930
32731
98312
91575
31578
82085
66286
11808
55515
13579
34181
91922
11753
16839
60129
26693
78757
26892
44950
881
12350
54327
67747
1945
77582
4332
20404
80411
53728
52717
92498
12721
53342
22720
37450
69844
4828
53102
92639
79161
58241
79147
90843
86
1819
94966
57261
11174
40226
75351
75941
96493
43918
66470
57155
75754
19167
77055
65117
80865
13330
65586
29189
48319
9000
31498
35050
83784
28498
66269
39117
90610
24401
37498
56359
88770
11677
30973
7363
71670
77142
14417
76823
54560
47897
32043
99961
52581
44694
65067
154
72838
733
70798
45714
69867
2600
27071
68443
74830
39067
35560
44786
51596
69881
97918
45814
57965
14324
72907
25505
16314
27185
50564
59297
63538
25364
55772
88331
74319
38682
56845
70550
51232
18915
78820
84660
65254
81296
17082
91742
14453
56162
80087
26008
69891
69642
87842
44843
8125
14993
22861
57338
12868
18528
51583
94788
36635
88871
99946
37118
80171
22940
18730
4941
55487
76632
75505
78450
12492
44741
10734
95545
27251
81958
62318
89202
19515
57273
31669
43472
53682
13609
62168
34091
70147
65207
49799
58484
35642
15004
45411
44713
65370
76894
31196
886
17595
44101
50083
24749
90853
78891
72826
25042
74014
78794
16908
92336
56835
64703
98977
20656
83114
96567
44186
21868
64453
91435
55238
96125
5276
83767
16014
59349
41257
21415
59272
79560
21176
41123
99233
7859
42972
54978
24054
53174
71172
9574
20125
7972
42854
65719
95690
76779
79123
46757
70060
13637
21652
9971
50489
84802
17163
83530
80117
47631
56063
92740
74734
96008
14700
83842
73195
60806
52
54216
69682
12899
45688
71397
54827
39181
74700
52123
33415
10146
48688
54524
41370
5398
82141
25311
33659
32880
13284
13041
77318
25593
91605
65615
96239
78478
67591
47837
85222
43122
49522
33100
39559
22408
14428
66547
22925
29664
90046
2470
75191
97679
8618
49814
43687
77592
49470
90079
73475
17594
21129
29902
54738
39164
94397
93112
15548
80804
57478
23246
66080
54107
4689
42559
7504
13317
95094
72918
90163
3737
51831
2550
99889
60572
78319
50382
74117
13503
52862
24035
49545
48197
6177
39861
90775
92991
58479
9072
64133
9901
84525
28966
95546
17964
21697
13252
29579
50625
69343
85446
67007
17524
32897
75205
84884
27732
5414
9012
46449
7117
82792
48166
63727
41396
56390
84061
40289
89738
36445
98058
57159
91127
29240
72533
53725
80384
79456
44929
27784
64574
50961
67206
81043
4612
69003
58127
86805
43407
26467
45086
9455
16388
95701
29520
4720
7935
71577
25471
20351
81221
80125
55611
17550
99075
38837
55273
20872
28467
30608
3003
30957
7041
6818
20263
44611
91993
15817
61652
56780
45669
15846
81690
97452
49600
35990
54124
32758
89988
80186
78981
66989
89324
51194
5710
73832
81401
12188
529
66256
99001
20468
29040
74260
18769
14537
46130
73878
90282
33529
43244
9171
5638
89572
7218
26252
85577
73287
35549
28420
17515
67984
41278
83409
51592
98243
22666
41465
25260
64639
56223
62577
3922
49904
49268
69840
58793
11818
75656
75243
92339
17223
20706
45902
99585
3236
17214
19481
56190
52708
60950
52092
27558
41837
35035
50505
43043
68014
9923
30184
75767
62930
25193
38448
28975
11837
19981
83433
90717
73556
38253
26666
94069
74018
45485
71320
33443
53165
23485
42880
12132
73970
15381
81083
34715
8295
25697
35396
79579
19198
98157
48412
15637
70096
54098
86242
67275
33439
21655
60114
44106
16293
52707
67846
72649
29906
63774
83926
67471
50979
80029
48263
29276
48571
15008
89240
48426
52155
24558
6665
60832
45557
18290
13907
30950
15614
3328
58109
66845
5589
72361
40919
27335
4969
11374
59270
67695
30803
17492
5112
15915
81108
40069
43258
54860
58322
33248
42297
12625
70171
96134
83336
23263
46334
74470
32399
34065
77061
8942
47629
18105
21019
78156
40802
75942
79108
2011
13414
42329
60514
95632
40980
69055
68612
37233
1176
66357
70490
78362
86750
20596
75452
87097
59857
67733
46541
40833
89412
26460
85556
2980
54329
19309
88872
6380
7097
91878
22522
44728
63915
92967
26358
39820
7242
82805
79340
36092
3754
71298
27854
32580
96245
84364
23008
56222
13491
74655
84412
53636
91166
90951
22310
37039
88882
34296
92340
7310
21143
68724
86798
80217
35171
54902
70531
81339
58860
55183
74405
24344
30013
3335
81793
91029
57887
36171
26350
1968
13441
71485
70638
37689
91229
46839
67671
83860
45392
76057
41741
32673
18227
55216
21393
40948
5040
95683
67336
55002
10787
91988
70183
82035
61946
73133
78471
50033
93582
20980
6114
93295
48605
94683
88001
63451
81225
1956
54874
4814
62084
42891
68934
713
31466
56387
49364
64582
37434
90842
39719
37556
76998
58478
9882
67125
97743
31936
23243
33964
53900
59009
79825
78199
39231
76470
64690
20836
26795
90432
11124
64594
71300
86869
49125
63110
92693
71938
91162
26577
98015
51161
79410
78261
85791
90587
54434
94795
34933
84965
88678
40987
23461
62121
70760
59772
50965
2588
50334
86368
70781
19569
74362
33510
50910
1147
23860
71993
9738
91625
95942
41198
19723
30036
78739
2897
64196
17287
53208
80882
39936
36451
96018
74385
41428
14059
28104
80577
71431
85157
19456
90729
85261
41539
33857
5021
50482
47591
13222
39567
32493
47211
30319
13809
42556
52594
36861
98194
78858
45995
5961
63156
87214
62064
25863
73055
10486
95594
13213
39907
24004
21280
966
66386
70249
56539
40533
88184
26472
83236
16390
28191
95667
64900
78706
13220
63896
23771
72515
63928
20799
72900
92643
98852
76071
85836
26694
29124
81781
96155
50605
9808
32002
10474
77657
46781
30266
71017
14039
18620
74201
59179
29410
10990
84587
71067
82763
17710
19940
36896
21492
10230
43849
13283
64207
60648
62396
90061
83772
99307
71699
82011
12835
57873
23074
21698
268
13766
82875
45035
9640
1631
68550
53273
17574
88432
41088
89737
14977
16382
22726
70149
45481
78372
83376
80418
78992
37796
55301
87889
59948
50188
54850
57019
97226
82535
15409
89639
25728
7589
41347
87600
39543
35236
15602
44693
44116
58402
2739
47177
20946
29503
80452
2122
3655
60602
26485
76074
12238
82406
46999
54018
19216
28132
44551
61597
89091
51061
84844
36453
99574
4983
38288
59652
66741
41302
61322
80950
64925
23156
69909
20941
66667
33102
33984
82834
28710
18533
35122
50923
83613
32967
8503
43827
83576
92793
75835
35069
51248
27687
61137
24388
13276
97661
14094
47304
11047
20003
9365
22117
14634
38807
7829
5955
18606
90796
65637
80212
75635
23228
74414
6463
73364
82389
27045
28299
98321
66331
52368
10260
89943
43738
9481
41264
92708
44790
53007
96298
87897
86687
44397
89221
9949
55060
8279
25909
70559
5584
12715
93597
38159
76467
59190
57996
21450
12977
40824
75513
29534
81340
72098
22764
16554
68161
44425
25278
6494
18246
70718
91117
74389
26403
91773
34386
89176
20575
72144
68188
13604
90987
74622
21500
68733
68823
7375
7932
70635
96120
90398
67842
59780
42632
64154
18212
5115
42068
34731
67487
96029
31948
39489
68351
22792
72659
49895
78666
47929
65545
82998
57442
29558
25264
24898
109
15065
19855
29169
37932
65729
6350
28395
52454
643
55755
13531
61367
39653
36084
20572
35465
64508
35265
92895
36107
30729
90612
14900
53468
38940
3365
7336
21608
37330
8246
77014
80644
61650
585
49436
33127
51298
95389
66669
46264
13575
79034
29937
44975
11332
7499
39388
10818
82806
81623
34118
38408
97777
60586
69193
35282
94587
46841
4301
55134
89916
86274
56910
53984
64158
30610
78776
84469
12017
67501
18199
88256
48358
4713
34271
17329
17821
35695
43775
29994
88243
40494
25551
36362
47657
93175
10265
64650
2940
85295
12956
443
58530
49960
32981
8522
11110
7535
52569
29945
46562
5783
5789
6086
40068
30654
8901
16473
10827
83927
88664
93538
27256
417
8438
85708
13701
52528
13015
24931
72157
39780
10931
74257
99531
81219
40030
97656
86304
34076
73303
41885
11868
78149
67772
61916
93646
48992
9868
21367
56288
86383
30875
50196
86027
79143
77074
28259
72191
99392
71484
72678
91762
1503
51441
16223
15020
90096
14559
36388
95432
6884
29171
60389
68516
92621
91035
18332
42167
13453
5242
82768
33798
69775
34511
52784
28391
72010
72719
79995
57520
94778
91381
75887
38115
8434
834
99950
18653
74355
63572
27068
26338
43088
51475
871
40196
88790
49625
27604
71915
40744
96455
75522
90741
86880
69277
80548
71124
75765
41258
90500
42534
23912
44666
11910
3439
69373
78118
51720
47147
57819
22974
41666
90953
85277
70906
95907
49487
62805
18744
78965
72444
43859
53249
73614
19307
74494
7099
96508
13415
37180
1853
9659
4859
49669
34691
32145
46660
4548
11552
72550
17310
60755
31516
97711
38725
20564
34066
91717
73522
29449
58164
55935
13813
13996
75949
60364
64317
83851
22831
7380
49982
16316
58026
42518
3199
54245
92115
63249
99947
7592
53045
7174
409
17648
80322
61751
17570
41014
4236
74217
19697
87750
61010
80654
47258
20007
9182
51435
35507
10752
74897
9185
42345
67157
85101
6194
40164
86058
89723
20968
85951
2864
1104
36974
25378
73935
82312
96558
77675
73071
688
27336
32969
44540
59628
99837
89105
88020
71364
47037
7705
74958
78809
20070
90792
19530
93332
3889
24797
79905
53125
88809
73637
23675
20506
96344
97708
25017
36809
5844
98995
59120
26478
82771
38570
72968
68636
94551
62490
60189
13583
58434
90355
74427
22745
52964
61933
91930
51432
59696
97158
32936
14440
96497
46547
72931
52756
42151
39919
81245
79088
15860
67975
77408
49029
67731
84492
48515
85455
76263
7102
42165
60871
12804
63384
88367
90321
5510
89141
92348
23598
72012
68449
55916
93838
70175
59302
57319
64669
60933
97999
91618
92607
97101
7841
84257
67407
32708
51419
42273
26399
23863
84736
47238
87141
7905
14175
40663
91881
98544
88888
26169
35347
21599
86211
29068
35083
92736
15308
91292
8265
13732
41345
25112
27627
34828
79206
92986
34890
44920
22993
20929
22354
28017
75024
54180
61348
48975
22486
11963
87904
33455
36709
56547
2999
4736
78631
89347
86854
99353
17882
17980
18097
24239
50511
93390
59567
27252
57799
84885
61638
21140
24951
89523
2744
40466
90622
38856
36604
54289
86670
18754
15260
62940
97224
10794
20669
31977
15573
80912
42323
32874
81860
81
59335
23800
20270
92312
1364
3251
40448
83883
3243
93252
95515
68694
57280
89807
68834
958
77981
28021
18600
14076
92024
40136
39220
92103
67835
96592
40829
10743
80503
43463
3613
4929
70884
58049
26166
22953
49370
20798
33422
21786
4295
59777
51142
54848
91509
31780
59584
10302
81850
33107
6962
38241
93528
78655
21206
66120
98393
68330
59922
91040
14567
28529
781
19596
52167
64432
33118
90815
66916
4467
94547
52232
65218
27582
89985
82826
60113
57749
13715
67732
54414
44340
91894
43964
71027
41344
96021
76398
3130
45704
28781
89657
64540
40516
68233
9106
76010
84531
52367
653
72977
98603
47656
25599
49731
99425
44051
99709
65171
11285
74593
32572
15947
30596
63198
47945
29898
68127
30482
57451
6116
30935
14143
46830
58654
33169
66006
22138
5154
70463
75681
75249
36735
88578
71186
36921
93773
49615
48532
60408
39218
84944
53256
37113
34156
91823
70533
40797
12553
91478
80857
86974
1087
10504
27222
11143
70428
92304
61354
37335
65352
35423
52262
99863
64043
42629
47794
27408
15316
54056
70459
25675
59536
47351
56113
15566
79320
99583
76858
42044
84735
44918
33392
24262
90899
96700
1918
87263
20174
22387
94856
22606
86151
76477
14115
248
56546
59754
30481
71405
84268
1157
52670
91679
56083
66002
66661
14625
86125
51552
59574
8620
58770
98541
48821
76541
51216
7502
69248
27897
52501
86787
50572
86530
43781
11365
65409
7161
81622
94221
38284
37028
86868
62558
94633
84787
7914
31474
36431
14779
62890
89088
20910
63619
28772
99798
41367
95273
28462
35683
95939
67550
2454
42681
44144
68578
12901
12501
37646
83502
15617
55812
28950
3108
28857
33840
23292
78580
71739
6608
84692
22421
43429
3052
82122
38739
77513
1684
60675
32298
12568
66861
36732
86792
79734
55864
71647
88782
53994
6777
96312
64879
28156
68618
61461
60054
76866
50592
29830
43420
96681
33126
72119
95771
91008
18996
36879
2006
81892
41111
91954
8340
76230
92932
98166
4128
71498
63820
25701
54952
60460
93583
69241
96533
41784
60802
52031
65817
59192
57141
20527
20754
35401
12688
34123
14721
7654
87215
11272
89612
83938
28269
88590
52854
78808
86621
7410
63606
96398
71087
48366
43805
83444
27446
6367
41807
23369
39938
68013
554
54609
1768
10257
4303
14108
36495
11093
16546
66831
63005
66075
83505
86453
52104
81144
65528
17422
51524
33880
82137
91921
82296
71223
57991
7785
98454
99517
58422
34752
10888
53418
37243
55427
49365
28390
22047
54511
16369
16807
231
97042
94854
77414
80414
44408
65826
6657
96422
9506
3297
40105
78132
50565
98352
43662
12972
91181
19439
13738
15462
85490
51778
69809
13353
83051
51472
87741
94948
58065
54370
32158
48691
65437
91828
89629
31619
78688
58767
90385
73727
41323
43401
2366
56430
27773
24421
12464
13722
8907
88889
44185
85221
75547
24636
64221
22583
46938
56132
91607
62160
17063
94671
91676
18983
50389
46147
54139
1679
41440
56734
52321
14760
4893
8820
89082
44411
40270
15480
46911
41406
8411
15539
45205
83431
22141
99116
10500
15890
51420
94067
43992
2466
91807
67761
46079
86328
39150
42999
6822
68263
96400
23213
32687
50390
67687
81399
29844
19359
7623
39512
6641
55770
47349
80375
79841
39806
45273
63164
69544
16070
57685
94278
69259
75847
25514
20163
14565
5126
94613
60632
42669
80726
40192
51399
18581
91637
95409
32126
87206
24756
78192
7213
48222
89242
61828
34366
29606
74086
86729
84012
53019
7090
93355
44978
45589
376
80526
65959
19897
4475
56441
4863
13752
15226
90988
667
2
74357
93342
47875
65177
96184
37136
88423
79329
41441
16125
44824
97187
38420
17956
89614
39496
7578
79247
64084
19655
2781
4555
67076
98548
84723
34199
27287
73785
54737
78895
97614
64152
75116
25199
65303
12965
27733
17417
10229
39990
42743
90981
34509
44308
25517
19520
8520
87571
19367
40471
93734
54869
11541
27531
8760
94065
10791
27491
43474
58358
38830
51574
98063
44847
62053
83487
50722
56228
44293
87863
19623
48328
95730
53813
65662
63847
30830
99120
23948
76430
35275
54812
18951
8779
60532
10741
77340
37491
4779
54769
11745
30423
58956
20949
74766
58736
86095
85421
6447
69322
37016
65165
16608
80492
47534
10477
8236
76298
94057
65411
86203
18931
60971
32729
90209
3783
32431
11452
35762
36822
19395
18525
75441
41144
11820
52727
3566
12562
93926
79699
5363
67305
36954
75045
69388
44648
43220
51834
3960
69093
13364
41351
72732
98456
1169
60509
24437
41028
17437
82000
81248
67622
85737
67939
42213
32596
57073
35229
99990
8124
90485
29693
8808
37232
11652
44614
45075
27069
88983
49774
9934
24512
52775
41078
32065
71338
85917
71604
29960
99059
89603
74458
82876
62592
59782
58437
20604
70800
23141
54428
27304
88907
90824
47906
61281
86744
35839
15863
37391
1986
44718
70230
14460
41186
88081
14067
19054
73409
33373
98175
86958
61846
2059
90402
23562
61639
35177
27307
31573
88667
40721
32213
33335
89099
99967
59893
71921
49245
70573
97731
15869
96571
75598
48861
17957
30193
34578
83037
38748
21839
19252
42187
57835
29591
83828
88610
89297
74244
89804
51254
21215
78204
75678
41105
14054
7720
49670
50730
70256
32980
35818
78229
3593
83285
69451
82631
85622
83861
34917
22284
77728
99757
81200
91508
25913
18101
19712
72840
79971
12606
85822
30871
11939
31096
41742
47133
54355
36339
11386
90411
27359
76137
53792
75088
97462
70932
11229
48738
31659
93140
33658
87691
14033
11597
63032
82602
39026
8527
50321
97665
64427
50914
20881
46699
38379
8575
35673
91363
22186
88054
16923
36032
34143
52884
3435
59436
48210
85209
56890
50614
52459
89716
55383
42162
86570
78845
54881
91224
24843
12851
30135
33283
11444
37625
49491
31985
16304
78608
9859
12109
6785
29527
73188
44959
55559
48509
25272
50182
7385
60822
520
93860
67210
11924
52017
81376
76573
75196
14114
11866
55798
32957
51891
72942
79497
7647
5623
85683
20185
48144
64554
30710
87025
52738
81879
19297
97650
23885
13916
68493
16891
71177
75152
40774
89267
47518
37574
19593
34074
28595
88453
74894
88833
57499
1591
80356
58105
20349
62181
67314
32713
30640
60243
51465
78633
13889
63122
49992
81883
17508
75983
58941
39092
72190
59901
58446
65735
96371
61430
98412
17106
88471
89800
30279
1770
57265
1053
32848
85363
5413
80878
53419
45566
58051
93822
87446
17985
47844
33065
15093
43173
67109
40486
59697
28100
21509
15757
61289
35051
53920
44962
99032
61823
60178
58643
19211
77407
39484
12093
87024
22174
46739
30849
6634
93870
56349
34644
87528
55080
39743
82885
34107
9544
44355
88385
95973
72510
73694
36849
81295
76246
68507
73386
1519
96187
53184
87019
88860
37872
69154
39382
31101
66203
76885
33082
89292
78384
54251
87262
6206
83468
8918
53742
70946
67414
53922
14918
4536
64419
83322
62095
26779
96911
28684
12600
84000
15186
15104
20983
20593
36588
11923
75854
97604
5927
85815
37818
64303
8129
42070
56657
53759
53835
73381
90131
28424
9594
77726
87223
2303
21265
76962
38136
23330
26305
15553
91886
94837
20081
50443
77720
36083
61355
22110
62880
91767
39697
71528
8281
30812
62300
25389
49569
78476
21092
81066
18636
62790
84005
89695
86159
29012
94273
88520
48556
70604
38337
18444
24618
26583
45059
37295
73282
24916
45048
98693
80329
14203
16243
19171
95448
62117
71543
33184
87073
17071
64237
54950
40719
1306
54717
77537
59472
93136
47968
13605
43579
28054
4201
74492
61030
7593
12742
39981
77838
41728
12422
11495
29585
11826
66115
81318
86783
63789
82989
87869
15931
9114
49565
5459
56554
63284
35515
89494
67827
43745
12306
36721
37221
60476
19796
12911
57424
35822
950
68855
98641
5239
51454
47788
19373
96733
14235
15882
68008
470
67221
64562
36794
22245
99632
29482
85816
11997
33609
50608
85018
60724
72543
49842
97863
57704
52250
93146
29019
99759
2990
21441
71189
58145
18728
32059
93717
28351
61898
18774
40344
44023
29333
36613
84828
28188
21212
84732
79938
76705
73433
62035
2079
68483
56428
98102
6629
11723
1064
77660
85183
86694
22450
12961
97414
72023
63144
83158
38786
23571
59055
47046
32477
99312
50542
17786
19508
89970
25510
48309
62200
98353
33804
67261
98436
7151
58289
60874
70530
84808
3175
26981
44912
96946
70548
51864
58055
60040
98082
57738
9245
726
92454
63373
62882
99679
38485
58792
21433
78505
98930
21445
95992
59079
4807
45191
8294
67123
29085
48507
61684
9598
15208
2223
55049
17217
26917
81995
2233
68555
17033
3778
1215
47028
96060
74125
48868
10007
20782
91294
12459
67913
23716
11230
26140
73185
21289
95513
96030
36926
42754
74321
79110
29196
76262
25609
9626
66858
25419
51756
9767
5159
73243
39040
95520
75181
51611
25110
83202
55297
3555
80838
28354
20808
18680
64115
82333
49716
80863
87687
35081
71394
50333
32548
2812
93636
67823
80653
81353
95824
89990
13121
90406
48892
54301
57423
57295
37838
91874
43018
89739
14450
33494
703
69464
83684
33016
29753
65149
60623
26639
84433
7804
76289
57218
80998
9026
17733
87364
73161
53790
17930
94526
80620
76870
88329
17029
49240
22758
41707
45309
36909
79054
53148
66055
48231
43190
36219
4137
33317
24678
82866
76783
29850
61805
72731
4962
11387
48585
45885
77199
60513
56078
71020
75541
67419
80563
34499
59332
38007
3151
72958
18897
78159
25130
30212
65475
18898
71146
45142
42828
58470
70713
65552
87975
20381
29379
70132
3157
88564
31677
18426
64524
81826
59968
17306
57503
24987
54882
88623
19025
2103
6044
34097
3346
31256
44094
12396
17373
7030
5272
59909
48265
46687
85868
89107
56994
4034
75303
96481
83612
31910
75026
58407
91826
64227
93884
77889
84115
35774
74273
69976
73165
53064
62167
10777
57160
942
37256
68392
8929
52533
52487
89948
22358
79709
35868
14352
9529
48729
9149
92499
52212
55484
53034
40056
30708
33889
1409
56143
26643
82660
14432
28151
7327
14789
46032
69686
68367
25604
3455
61778
21230
13393
11641
13305
31232
56753
35748
83578
14574
24943
2017
98731
31552
45233
23753
70723
71809
17824
46100
21970
92156
14675
94550
53012
16677
94043
96829
54955
39758
6906
37819
358
26505
7655
59932
92294
25626
10615
2807
55007
79858
17094
54935
96561
87341
40633
2368
80254
87996
93513
2007
47964
11464
52658
23923
69244
54267
81581
3641
71325
45458
48333
68308
53757
49567
99488
46888
54151
86522
57018
2012
57352
35525
80947
74113
2701
29081
89703
42649
92218
95560
5450
86686
72184
71476
88939
62531
28650
90064
9592
74032
34575
24117
62769
35264
38759
72989
75823
40213